-1.000000 0.008702
-0.998000 0.008031
-0.996000 0.007381
-0.994000 0.006751
-0.992000 0.006142
-0.990000 0.005553
-0.988000 0.004984
-0.986000 0.004434
-0.984000 0.003905
-0.982000 0.003395
-0.980000 0.002905
-0.978000 0.002434
-0.976000 0.001983
-0.974000 0.001551
-0.972000 0.001138
-0.970000 0.000744
-0.968000 0.000369
-0.966000 0.000013
-0.964000 -0.000325
-0.962000 -0.000644
-0.960000 -0.000944
-0.958000 -0.001226
-0.956000 -0.001490
-0.954000 -0.001736
-0.952000 -0.001963
-0.950000 -0.002173
-0.948000 -0.002365
-0.946000 -0.002539
-0.944000 -0.002696
-0.942000 -0.002835
-0.940000 -0.002957
-0.938000 -0.003061
-0.936000 -0.003149
-0.934000 -0.003219
-0.932000 -0.003272
-0.930000 -0.003309
-0.928000 -0.003329
-0.926000 -0.003332
-0.924000 -0.003319
-0.922000 -0.003289
-0.920000 -0.003243
-0.918000 -0.003181
-0.916000 -0.003103
-0.914000 -0.003009
-0.912000 -0.002899
-0.910000 -0.002773
-0.908000 -0.002631
-0.906000 -0.002474
-0.904000 -0.002302
-0.902000 -0.002114
-0.900000 -0.001911
-0.898000 -0.001693
-0.896000 -0.001460
-0.894000 -0.001211
-0.892000 -0.000948
-0.890000 -0.000671
-0.888000 -0.000378
-0.886000 -0.000072
-0.884000 0.000250
-0.882000 0.000585
-0.880000 0.000935
-0.878000 0.001299
-0.876000 0.001677
-0.874000 0.002068
-0.872000 0.002474
-0.870000 0.002893
-0.868000 0.003326
-0.866000 0.003772
-0.864000 0.004232
-0.862000 0.004705
-0.860000 0.005192
-0.858000 0.005691
-0.856000 0.006203
-0.854000 0.006729
-0.852000 0.007267
-0.850000 0.007817
-0.848000 0.008381
-0.846000 0.008957
-0.844000 0.009545
-0.842000 0.010146
-0.840000 0.010758
-0.838000 0.011383
-0.836000 0.012020
-0.834000 0.012669
-0.832000 0.013330
-0.830000 0.014002
-0.828000 0.014686
-0.826000 0.015382
-0.824000 0.016089
-0.822000 0.016807
-0.820000 0.017537
-0.818000 0.018278
-0.816000 0.019030
-0.814000 0.019793
-0.812000 0.020566
-0.810000 0.021351
-0.808000 0.022146
-0.806000 0.022952
-0.804000 0.023768
-0.802000 0.024595
-0.800000 0.025432
-0.798000 0.026279
-0.796000 0.027137
-0.794000 0.028004
-0.792000 0.028881
-0.790000 0.029769
-0.788000 0.030666
-0.786000 0.031572
-0.784000 0.032488
-0.782000 0.033414
-0.780000 0.034349
-0.778000 0.035294
-0.776000 0.036247
-0.774000 0.037210
-0.772000 0.038182
-0.770000 0.039163
-0.768000 0.040152
-0.766000 0.041151
-0.764000 0.042158
-0.762000 0.043174
-0.760000 0.044198
-0.758000 0.045230
-0.756000 0.046271
-0.754000 0.047320
-0.752000 0.048378
-0.750000 0.049443
-0.748000 0.050517
-0.746000 0.051598
-0.744000 0.052687
-0.742000 0.053784
-0.740000 0.054888
-0.738000 0.056000
-0.736000 0.057120
-0.734000 0.058247
-0.732000 0.059381
-0.730000 0.060522
-0.728000 0.061671
-0.726000 0.062826
-0.724000 0.063989
-0.722000 0.065158
-0.720000 0.066334
-0.718000 0.067517
-0.716000 0.068707
-0.714000 0.069903
-0.712000 0.071105
-0.710000 0.072314
-0.708000 0.073529
-0.706000 0.074751
-0.704000 0.075978
-0.702000 0.077212
-0.700000 0.078451
-0.698000 0.079697
-0.696000 0.080948
-0.694000 0.082205
-0.692000 0.083468
-0.690000 0.084736
-0.688000 0.086010
-0.686000 0.087289
-0.684000 0.088573
-0.682000 0.089863
-0.680000 0.091158
-0.678000 0.092457
-0.676000 0.093762
-0.674000 0.095072
-0.672000 0.096387
-0.670000 0.097707
-0.668000 0.099031
-0.666000 0.100360
-0.664000 0.101693
-0.662000 0.103031
-0.660000 0.104373
-0.658000 0.105720
-0.656000 0.107070
-0.654000 0.108425
-0.652000 0.109784
-0.650000 0.111147
-0.648000 0.112514
-0.646000 0.113885
-0.644000 0.115260
-0.642000 0.116638
-0.640000 0.118020
-0.638000 0.119406
-0.636000 0.120795
-0.634000 0.122187
-0.632000 0.123583
-0.630000 0.124982
-0.628000 0.126385
-0.626000 0.127790
-0.624000 0.129198
-0.622000 0.130610
-0.620000 0.132024
-0.618000 0.133441
-0.616000 0.134861
-0.614000 0.136284
-0.612000 0.137709
-0.610000 0.139137
-0.608000 0.140568
-0.606000 0.142000
-0.604000 0.143435
-0.602000 0.144873
-0.600000 0.146312
-0.598000 0.147754
-0.596000 0.149198
-0.594000 0.150643
-0.592000 0.152091
-0.590000 0.153541
-0.588000 0.154992
-0.586000 0.156445
-0.584000 0.157900
-0.582000 0.159356
-0.580000 0.160814
-0.578000 0.162273
-0.576000 0.163733
-0.574000 0.165195
-0.572000 0.166659
-0.570000 0.168123
-0.568000 0.169588
-0.566000 0.171055
-0.564000 0.172522
-0.562000 0.173991
-0.560000 0.175460
-0.558000 0.176930
-0.556000 0.178401
-0.554000 0.179873
-0.552000 0.181345
-0.550000 0.182817
-0.548000 0.184290
-0.546000 0.185764
-0.544000 0.187238
-0.542000 0.188712
-0.540000 0.190186
-0.538000 0.191661
-0.536000 0.193135
-0.534000 0.194610
-0.532000 0.196084
-0.530000 0.197559
-0.528000 0.199033
-0.526000 0.200507
-0.524000 0.201981
-0.522000 0.203455
-0.520000 0.204928
-0.518000 0.206401
-0.516000 0.207873
-0.514000 0.209344
-0.512000 0.210815
-0.510000 0.212285
-0.508000 0.213755
-0.506000 0.215224
-0.504000 0.216691
-0.502000 0.218158
-0.500000 0.219624
-0.498000 0.221089
-0.496000 0.222553
-0.494000 0.224015
-0.492000 0.225477
-0.490000 0.226937
-0.488000 0.228395
-0.486000 0.229853
-0.484000 0.231309
-0.482000 0.232763
-0.480000 0.234216
-0.478000 0.235667
-0.476000 0.237117
-0.474000 0.238565
-0.472000 0.240011
-0.470000 0.241455
-0.468000 0.242897
-0.466000 0.244338
-0.464000 0.245776
-0.462000 0.247213
-0.460000 0.248647
-0.458000 0.250079
-0.456000 0.251509
-0.454000 0.252937
-0.452000 0.254362
-0.450000 0.255785
-0.448000 0.257205
-0.446000 0.258623
-0.444000 0.260039
-0.442000 0.261452
-0.440000 0.262862
-0.438000 0.264270
-0.436000 0.265675
-0.434000 0.267077
-0.432000 0.268477
-0.430000 0.269873
-0.428000 0.271267
-0.426000 0.272657
-0.424000 0.274045
-0.422000 0.275429
-0.420000 0.276811
-0.418000 0.278189
-0.416000 0.279564
-0.414000 0.280935
-0.412000 0.282304
-0.410000 0.283669
-0.408000 0.285030
-0.406000 0.286388
-0.404000 0.287743
-0.402000 0.289094
-0.400000 0.290442
-0.398000 0.291785
-0.396000 0.293126
-0.394000 0.294462
-0.392000 0.295795
-0.390000 0.297123
-0.388000 0.298448
-0.386000 0.299769
-0.384000 0.301086
-0.382000 0.302399
-0.380000 0.303708
-0.378000 0.305013
-0.376000 0.306314
-0.374000 0.307610
-0.372000 0.308903
-0.370000 0.310191
-0.368000 0.311474
-0.366000 0.312754
-0.364000 0.314029
-0.362000 0.315299
-0.360000 0.316565
-0.358000 0.317827
-0.356000 0.319084
-0.354000 0.320336
-0.352000 0.321584
-0.350000 0.322827
-0.348000 0.324065
-0.346000 0.325299
-0.344000 0.326527
-0.342000 0.327751
-0.340000 0.328970
-0.338000 0.330184
-0.336000 0.331393
-0.334000 0.332597
-0.332000 0.333796
-0.330000 0.334990
-0.328000 0.336179
-0.326000 0.337363
-0.324000 0.338541
-0.322000 0.339714
-0.320000 0.340882
-0.318000 0.342045
-0.316000 0.343202
-0.314000 0.344354
-0.312000 0.345501
-0.310000 0.346642
-0.308000 0.347777
-0.306000 0.348907
-0.304000 0.350032
-0.302000 0.351150
-0.300000 0.352264
-0.298000 0.353371
-0.296000 0.354473
-0.294000 0.355569
-0.292000 0.356659
-0.290000 0.357744
-0.288000 0.358822
-0.286000 0.359895
-0.284000 0.360962
-0.282000 0.362023
-0.280000 0.363078
-0.278000 0.364127
-0.276000 0.365170
-0.274000 0.366207
-0.272000 0.367238
-0.270000 0.368262
-0.268000 0.369281
-0.266000 0.370293
-0.264000 0.371299
-0.262000 0.372299
-0.260000 0.373292
-0.258000 0.374280
-0.256000 0.375261
-0.254000 0.376235
-0.252000 0.377203
-0.250000 0.378165
-0.248000 0.379120
-0.246000 0.380069
-0.244000 0.381011
-0.242000 0.381946
-0.240000 0.382875
-0.238000 0.383798
-0.236000 0.384714
-0.234000 0.385623
-0.232000 0.386525
-0.230000 0.387421
-0.228000 0.388310
-0.226000 0.389192
-0.224000 0.390068
-0.222000 0.390936
-0.220000 0.391798
-0.218000 0.392653
-0.216000 0.393501
-0.214000 0.394342
-0.212000 0.395176
-0.210000 0.396003
-0.208000 0.396823
-0.206000 0.397637
-0.204000 0.398443
-0.202000 0.399242
-0.200000 0.400034
-0.198000 0.400819
-0.196000 0.401596
-0.194000 0.402367
-0.192000 0.403130
-0.190000 0.403886
-0.188000 0.404635
-0.186000 0.405377
-0.184000 0.406111
-0.182000 0.406839
-0.180000 0.407558
-0.178000 0.408271
-0.176000 0.408976
-0.174000 0.409674
-0.172000 0.410364
-0.170000 0.411047
-0.168000 0.411722
-0.166000 0.412391
-0.164000 0.413051
-0.162000 0.413704
-0.160000 0.414350
-0.158000 0.414988
-0.156000 0.415618
-0.154000 0.416241
-0.152000 0.416857
-0.150000 0.417464
-0.148000 0.418065
-0.146000 0.418657
-0.144000 0.419242
-0.142000 0.419819
-0.140000 0.420388
-0.138000 0.420950
-0.136000 0.421504
-0.134000 0.422051
-0.132000 0.422589
-0.130000 0.423120
-0.128000 0.423643
-0.126000 0.424158
-0.124000 0.424666
-0.122000 0.425165
-0.120000 0.425657
-0.118000 0.426141
-0.116000 0.426617
-0.114000 0.427085
-0.112000 0.427545
-0.110000 0.427998
-0.108000 0.428442
-0.106000 0.428879
-0.104000 0.429307
-0.102000 0.429728
-0.100000 0.430141
-0.098000 0.430545
-0.096000 0.430942
-0.094000 0.431331
-0.092000 0.431711
-0.090000 0.432084
-0.088000 0.432448
-0.086000 0.432805
-0.084000 0.433153
-0.082000 0.433494
-0.080000 0.433826
-0.078000 0.434150
-0.076000 0.434467
-0.074000 0.434775
-0.072000 0.435075
-0.070000 0.435366
-0.068000 0.435650
-0.066000 0.435926
-0.064000 0.436193
-0.062000 0.436452
-0.060000 0.436704
-0.058000 0.436947
-0.056000 0.437181
-0.054000 0.437408
-0.052000 0.437626
-0.050000 0.437837
-0.048000 0.438039
-0.046000 0.438232
-0.044000 0.438418
-0.042000 0.438595
-0.040000 0.438765
-0.038000 0.438926
-0.036000 0.439078
-0.034000 0.439223
-0.032000 0.439359
-0.030000 0.439487
-0.028000 0.439607
-0.026000 0.439718
-0.024000 0.439822
-0.022000 0.439917
-0.020000 0.440004
-0.018000 0.440082
-0.016000 0.440152
-0.014000 0.440214
-0.012000 0.440268
-0.010000 0.440314
-0.008000 0.440351
-0.006000 0.440380
-0.004000 0.440400
-0.002000 0.440413
0.000000 0.440417
0.002000 0.440413
0.004000 0.440400
0.006000 0.440380
0.008000 0.440351
0.010000 0.440314
0.012000 0.440268
0.014000 0.440214
0.016000 0.440152
0.018000 0.440082
0.020000 0.440004
0.022000 0.439917
0.024000 0.439822
0.026000 0.439718
0.028000 0.439607
0.030000 0.439487
0.032000 0.439359
0.034000 0.439223
0.036000 0.439078
0.038000 0.438926
0.040000 0.438765
0.042000 0.438595
0.044000 0.438418
0.046000 0.438232
0.048000 0.438039
0.050000 0.437837
0.052000 0.437626
0.054000 0.437408
0.056000 0.437181
0.058000 0.436947
0.060000 0.436704
0.062000 0.436452
0.064000 0.436193
0.066000 0.435926
0.068000 0.435650
0.070000 0.435366
0.072000 0.435075
0.074000 0.434775
0.076000 0.434467
0.078000 0.434150
0.080000 0.433826
0.082000 0.433494
0.084000 0.433153
0.086000 0.432805
0.088000 0.432448
0.090000 0.432084
0.092000 0.431711
0.094000 0.431331
0.096000 0.430942
0.098000 0.430545
0.100000 0.430141
0.102000 0.429728
0.104000 0.429307
0.106000 0.428879
0.108000 0.428442
0.110000 0.427998
0.112000 0.427545
0.114000 0.427085
0.116000 0.426617
0.118000 0.426141
0.120000 0.425657
0.122000 0.425165
0.124000 0.424666
0.126000 0.424158
0.128000 0.423643
0.130000 0.423120
0.132000 0.422589
0.134000 0.422051
0.136000 0.421504
0.138000 0.420950
0.140000 0.420388
0.142000 0.419819
0.144000 0.419242
0.146000 0.418657
0.148000 0.418065
0.150000 0.417464
0.152000 0.416857
0.154000 0.416241
0.156000 0.415618
0.158000 0.414988
0.160000 0.414350
0.162000 0.413704
0.164000 0.413051
0.166000 0.412391
0.168000 0.411722
0.170000 0.411047
0.172000 0.410364
0.174000 0.409674
0.176000 0.408976
0.178000 0.408271
0.180000 0.407558
0.182000 0.406839
0.184000 0.406111
0.186000 0.405377
0.188000 0.404635
0.190000 0.403886
0.192000 0.403130
0.194000 0.402367
0.196000 0.401596
0.198000 0.400819
0.200000 0.400034
0.202000 0.399242
0.204000 0.398443
0.206000 0.397637
0.208000 0.396823
0.210000 0.396003
0.212000 0.395176
0.214000 0.394342
0.216000 0.393501
0.218000 0.392653
0.220000 0.391798
0.222000 0.390936
0.224000 0.390068
0.226000 0.389192
0.228000 0.388310
0.230000 0.387421
0.232000 0.386525
0.234000 0.385623
0.236000 0.384714
0.238000 0.383798
0.240000 0.382875
0.242000 0.381946
0.244000 0.381011
0.246000 0.380069
0.248000 0.379120
0.250000 0.378165
0.252000 0.377203
0.254000 0.376235
0.256000 0.375261
0.258000 0.374280
0.260000 0.373292
0.262000 0.372299
0.264000 0.371299
0.266000 0.370293
0.268000 0.369281
0.270000 0.368262
0.272000 0.367238
0.274000 0.366207
0.276000 0.365170
0.278000 0.364127
0.280000 0.363078
0.282000 0.362023
0.284000 0.360962
0.286000 0.359895
0.288000 0.358822
0.290000 0.357744
0.292000 0.356659
0.294000 0.355569
0.296000 0.354473
0.298000 0.353371
0.300000 0.352264
0.302000 0.351150
0.304000 0.350032
0.306000 0.348907
0.308000 0.347777
0.310000 0.346642
0.312000 0.345501
0.314000 0.344354
0.316000 0.343202
0.318000 0.342045
0.320000 0.340882
0.322000 0.339714
0.324000 0.338541
0.326000 0.337363
0.328000 0.336179
0.330000 0.334990
0.332000 0.333796
0.334000 0.332597
0.336000 0.331393
0.338000 0.330184
0.340000 0.328970
0.342000 0.327751
0.344000 0.326527
0.346000 0.325299
0.348000 0.324065
0.350000 0.322827
0.352000 0.321584
0.354000 0.320336
0.356000 0.319084
0.358000 0.317827
0.360000 0.316565
0.362000 0.315299
0.364000 0.314029
0.366000 0.312754
0.368000 0.311474
0.370000 0.310191
0.372000 0.308903
0.374000 0.307610
0.376000 0.306314
0.378000 0.305013
0.380000 0.303708
0.382000 0.302399
0.384000 0.301086
0.386000 0.299769
0.388000 0.298448
0.390000 0.297123
0.392000 0.295795
0.394000 0.294462
0.396000 0.293126
0.398000 0.291785
0.400000 0.290442
0.402000 0.289094
0.404000 0.287743
0.406000 0.286388
0.408000 0.285030
0.410000 0.283669
0.412000 0.282304
0.414000 0.280935
0.416000 0.279564
0.418000 0.278189
0.420000 0.276811
0.422000 0.275429
0.424000 0.274045
0.426000 0.272657
0.428000 0.271267
0.430000 0.269873
0.432000 0.268477
0.434000 0.267077
0.436000 0.265675
0.438000 0.264270
0.440000 0.262862
0.442000 0.261452
0.444000 0.260039
0.446000 0.258623
0.448000 0.257205
0.450000 0.255785
0.452000 0.254362
0.454000 0.252937
0.456000 0.251509
0.458000 0.250079
0.460000 0.248647
0.462000 0.247213
0.464000 0.245776
0.466000 0.244338
0.468000 0.242897
0.470000 0.241455
0.472000 0.240011
0.474000 0.238565
0.476000 0.237117
0.478000 0.235667
0.480000 0.234216
0.482000 0.232763
0.484000 0.231309
0.486000 0.229853
0.488000 0.228395
0.490000 0.226937
0.492000 0.225477
0.494000 0.224015
0.496000 0.222553
0.498000 0.221089
0.500000 0.219624
0.502000 0.218158
0.504000 0.216691
0.506000 0.215224
0.508000 0.213755
0.510000 0.212285
0.512000 0.210815
0.514000 0.209344
0.516000 0.207873
0.518000 0.206401
0.520000 0.204928
0.522000 0.203455
0.524000 0.201981
0.526000 0.200507
0.528000 0.199033
0.530000 0.197559
0.532000 0.196084
0.534000 0.194610
0.536000 0.193135
0.538000 0.191661
0.540000 0.190186
0.542000 0.188712
0.544000 0.187238
0.546000 0.185764
0.548000 0.184290
0.550000 0.182817
0.552000 0.181345
0.554000 0.179873
0.556000 0.178401
0.558000 0.176930
0.560000 0.175460
0.562000 0.173991
0.564000 0.172522
0.566000 0.171055
0.568000 0.169588
0.570000 0.168123
0.572000 0.166659
0.574000 0.165195
0.576000 0.163733
0.578000 0.162273
0.580000 0.160814
0.582000 0.159356
0.584000 0.157900
0.586000 0.156445
0.588000 0.154992
0.590000 0.153541
0.592000 0.152091
0.594000 0.150643
0.596000 0.149198
0.598000 0.147754
0.600000 0.146312
0.602000 0.144873
0.604000 0.143435
0.606000 0.142000
0.608000 0.140568
0.610000 0.139137
0.612000 0.137709
0.614000 0.136284
0.616000 0.134861
0.618000 0.133441
0.620000 0.132024
0.622000 0.130610
0.624000 0.129198
0.626000 0.127790
0.628000 0.126385
0.630000 0.124982
0.632000 0.123583
0.634000 0.122187
0.636000 0.120795
0.638000 0.119406
0.640000 0.118020
0.642000 0.116638
0.644000 0.115260
0.646000 0.113885
0.648000 0.112514
0.650000 0.111147
0.652000 0.109784
0.654000 0.108425
0.656000 0.107070
0.658000 0.105720
0.660000 0.104373
0.662000 0.103031
0.664000 0.101693
0.666000 0.100360
0.668000 0.099031
0.670000 0.097707
0.672000 0.096387
0.674000 0.095072
0.676000 0.093762
0.678000 0.092457
0.680000 0.091158
0.682000 0.089863
0.684000 0.088573
0.686000 0.087289
0.688000 0.086010
0.690000 0.084736
0.692000 0.083468
0.694000 0.082205
0.696000 0.080948
0.698000 0.079697
0.700000 0.078451
0.702000 0.077212
0.704000 0.075978
0.706000 0.074751
0.708000 0.073529
0.710000 0.072314
0.712000 0.071105
0.714000 0.069903
0.716000 0.068707
0.718000 0.067517
0.720000 0.066334
0.722000 0.065158
0.724000 0.063989
0.726000 0.062826
0.728000 0.061671
0.730000 0.060522
0.732000 0.059381
0.734000 0.058247
0.736000 0.057120
0.738000 0.056000
0.740000 0.054888
0.742000 0.053784
0.744000 0.052687
0.746000 0.051598
0.748000 0.050517
0.750000 0.049443
0.752000 0.048378
0.754000 0.047320
0.756000 0.046271
0.758000 0.045230
0.760000 0.044198
0.762000 0.043174
0.764000 0.042158
0.766000 0.041151
0.768000 0.040152
0.770000 0.039163
0.772000 0.038182
0.774000 0.037210
0.776000 0.036247
0.778000 0.035294
0.780000 0.034349
0.782000 0.033414
0.784000 0.032488
0.786000 0.031572
0.788000 0.030666
0.790000 0.029769
0.792000 0.028881
0.794000 0.028004
0.796000 0.027137
0.798000 0.026279
0.800000 0.025432
0.802000 0.024595
0.804000 0.023768
0.806000 0.022952
0.808000 0.022146
0.810000 0.021351
0.812000 0.020566
0.814000 0.019793
0.816000 0.019030
0.818000 0.018278
0.820000 0.017537
0.822000 0.016807
0.824000 0.016089
0.826000 0.015382
0.828000 0.014686
0.830000 0.014002
0.832000 0.013330
0.834000 0.012669
0.836000 0.012020
0.838000 0.011383
0.840000 0.010758
0.842000 0.010146
0.844000 0.009545
0.846000 0.008957
0.848000 0.008381
0.850000 0.007817
0.852000 0.007267
0.854000 0.006729
0.856000 0.006203
0.858000 0.005691
0.860000 0.005192
0.862000 0.004705
0.864000 0.004232
0.866000 0.003772
0.868000 0.003326
0.870000 0.002893
0.872000 0.002474
0.874000 0.002068
0.876000 0.001677
0.878000 0.001299
0.880000 0.000935
0.882000 0.000585
0.884000 0.000250
0.886000 -0.000072
0.888000 -0.000378
0.890000 -0.000671
0.892000 -0.000948
0.894000 -0.001211
0.896000 -0.001460
0.898000 -0.001693
0.900000 -0.001911
0.902000 -0.002114
0.904000 -0.002302
0.906000 -0.002474
0.908000 -0.002631
0.910000 -0.002773
0.912000 -0.002899
0.914000 -0.003009
0.916000 -0.003103
0.918000 -0.003181
0.920000 -0.003243
0.922000 -0.003289
0.924000 -0.003319
0.926000 -0.003332
0.928000 -0.003329
0.930000 -0.003309
0.932000 -0.003272
0.934000 -0.003219
0.936000 -0.003149
0.938000 -0.003061
0.940000 -0.002957
0.942000 -0.002835
0.944000 -0.002696
0.946000 -0.002539
0.948000 -0.002365
0.950000 -0.002173
0.952000 -0.001963
0.954000 -0.001736
0.956000 -0.001490
0.958000 -0.001226
0.960000 -0.000944
0.962000 -0.000644
0.964000 -0.000325
0.966000 0.000013
0.968000 0.000369
0.970000 0.000744
0.972000 0.001138
0.974000 0.001551
0.976000 0.001983
0.978000 0.002434
0.980000 0.002905
0.982000 0.003395
0.984000 0.003905
0.986000 0.004434
0.988000 0.004984
0.990000 0.005553
0.992000 0.006142
0.994000 0.006751
0.996000 0.007381
0.998000 0.008031
