-1.000000 0.038462
-0.998000 0.038610
-0.996000 0.038759
-0.994000 0.038909
-0.992000 0.039060
-0.990000 0.039212
-0.988000 0.039364
-0.986000 0.039518
-0.984000 0.039672
-0.982000 0.039828
-0.980000 0.039984
-0.978000 0.040141
-0.976000 0.040299
-0.974000 0.040458
-0.972000 0.040618
-0.970000 0.040779
-0.968000 0.040941
-0.966000 0.041103
-0.964000 0.041267
-0.962000 0.041432
-0.960000 0.041597
-0.958000 0.041764
-0.956000 0.041932
-0.954000 0.042100
-0.952000 0.042270
-0.950000 0.042440
-0.948000 0.042612
-0.946000 0.042785
-0.944000 0.042958
-0.942000 0.043133
-0.940000 0.043309
-0.938000 0.043486
-0.936000 0.043664
-0.934000 0.043843
-0.932000 0.044023
-0.930000 0.044204
-0.928000 0.044386
-0.926000 0.044569
-0.924000 0.044754
-0.922000 0.044940
-0.920000 0.045126
-0.918000 0.045314
-0.916000 0.045503
-0.914000 0.045694
-0.912000 0.045885
-0.910000 0.046078
-0.908000 0.046271
-0.906000 0.046466
-0.904000 0.046663
-0.902000 0.046860
-0.900000 0.047059
-0.898000 0.047259
-0.896000 0.047460
-0.894000 0.047662
-0.892000 0.047866
-0.890000 0.048071
-0.888000 0.048277
-0.886000 0.048485
-0.884000 0.048694
-0.882000 0.048904
-0.880000 0.049116
-0.878000 0.049329
-0.876000 0.049543
-0.874000 0.049759
-0.872000 0.049976
-0.870000 0.050195
-0.868000 0.050414
-0.866000 0.050636
-0.864000 0.050858
-0.862000 0.051083
-0.860000 0.051308
-0.858000 0.051536
-0.856000 0.051764
-0.854000 0.051994
-0.852000 0.052226
-0.850000 0.052459
-0.848000 0.052694
-0.846000 0.052930
-0.844000 0.053168
-0.842000 0.053407
-0.840000 0.053648
-0.838000 0.053891
-0.836000 0.054135
-0.834000 0.054381
-0.832000 0.054628
-0.830000 0.054877
-0.828000 0.055128
-0.826000 0.055380
-0.824000 0.055635
-0.822000 0.055891
-0.820000 0.056148
-0.818000 0.056408
-0.816000 0.056669
-0.814000 0.056932
-0.812000 0.057196
-0.810000 0.057463
-0.808000 0.057731
-0.806000 0.058002
-0.804000 0.058274
-0.802000 0.058548
-0.800000 0.058824
-0.798000 0.059101
-0.796000 0.059381
-0.794000 0.059663
-0.792000 0.059946
-0.790000 0.060232
-0.788000 0.060519
-0.786000 0.060809
-0.784000 0.061101
-0.782000 0.061395
-0.780000 0.061690
-0.778000 0.061988
-0.776000 0.062288
-0.774000 0.062590
-0.772000 0.062895
-0.770000 0.063201
-0.768000 0.063510
-0.766000 0.063821
-0.764000 0.064134
-0.762000 0.064449
-0.760000 0.064767
-0.758000 0.065087
-0.756000 0.065409
-0.754000 0.065734
-0.752000 0.066061
-0.750000 0.066390
-0.748000 0.066722
-0.746000 0.067056
-0.744000 0.067393
-0.742000 0.067732
-0.740000 0.068074
-0.738000 0.068418
-0.736000 0.068764
-0.734000 0.069114
-0.732000 0.069466
-0.730000 0.069820
-0.728000 0.070177
-0.726000 0.070537
-0.724000 0.070900
-0.722000 0.071265
-0.720000 0.071633
-0.718000 0.072004
-0.716000 0.072378
-0.714000 0.072754
-0.712000 0.073134
-0.710000 0.073516
-0.708000 0.073901
-0.706000 0.074289
-0.704000 0.074680
-0.702000 0.075075
-0.700000 0.075472
-0.698000 0.075872
-0.696000 0.076275
-0.694000 0.076682
-0.692000 0.077091
-0.690000 0.077504
-0.688000 0.077920
-0.686000 0.078340
-0.684000 0.078762
-0.682000 0.079188
-0.680000 0.079618
-0.678000 0.080051
-0.676000 0.080487
-0.674000 0.080926
-0.672000 0.081370
-0.670000 0.081816
-0.668000 0.082267
-0.666000 0.082721
-0.664000 0.083178
-0.662000 0.083639
-0.660000 0.084104
-0.658000 0.084573
-0.656000 0.085046
-0.654000 0.085522
-0.652000 0.086002
-0.650000 0.086486
-0.648000 0.086975
-0.646000 0.087467
-0.644000 0.087963
-0.642000 0.088463
-0.640000 0.088968
-0.638000 0.089477
-0.636000 0.089990
-0.634000 0.090507
-0.632000 0.091028
-0.630000 0.091554
-0.628000 0.092084
-0.626000 0.092619
-0.624000 0.093158
-0.622000 0.093702
-0.620000 0.094251
-0.618000 0.094804
-0.616000 0.095362
-0.614000 0.095924
-0.612000 0.096492
-0.610000 0.097064
-0.608000 0.097641
-0.606000 0.098223
-0.604000 0.098810
-0.602000 0.099403
-0.600000 0.100000
-0.598000 0.100603
-0.596000 0.101210
-0.594000 0.101824
-0.592000 0.102442
-0.590000 0.103066
-0.588000 0.103696
-0.586000 0.104331
-0.584000 0.104971
-0.582000 0.105618
-0.580000 0.106270
-0.578000 0.106928
-0.576000 0.107592
-0.574000 0.108261
-0.572000 0.108937
-0.570000 0.109619
-0.568000 0.110307
-0.566000 0.111001
-0.564000 0.111702
-0.562000 0.112409
-0.560000 0.113122
-0.558000 0.113842
-0.556000 0.114569
-0.554000 0.115302
-0.552000 0.116042
-0.550000 0.116788
-0.548000 0.117542
-0.546000 0.118303
-0.544000 0.119070
-0.542000 0.119845
-0.540000 0.120627
-0.538000 0.121417
-0.536000 0.122214
-0.534000 0.123018
-0.532000 0.123830
-0.530000 0.124649
-0.528000 0.125477
-0.526000 0.126312
-0.524000 0.127155
-0.522000 0.128007
-0.520000 0.128866
-0.518000 0.129734
-0.516000 0.130610
-0.514000 0.131494
-0.512000 0.132387
-0.510000 0.133289
-0.508000 0.134199
-0.506000 0.135119
-0.504000 0.136047
-0.502000 0.136984
-0.500000 0.137931
-0.498000 0.138887
-0.496000 0.139852
-0.494000 0.140827
-0.492000 0.141812
-0.490000 0.142806
-0.488000 0.143810
-0.486000 0.144825
-0.484000 0.145849
-0.482000 0.146884
-0.480000 0.147929
-0.478000 0.148985
-0.476000 0.150051
-0.474000 0.151128
-0.472000 0.152216
-0.470000 0.153315
-0.468000 0.154426
-0.466000 0.155548
-0.464000 0.156681
-0.462000 0.157826
-0.460000 0.158983
-0.458000 0.160151
-0.456000 0.161332
-0.454000 0.162525
-0.452000 0.163730
-0.450000 0.164948
-0.448000 0.166179
-0.446000 0.167423
-0.444000 0.168680
-0.442000 0.169950
-0.440000 0.171233
-0.438000 0.172530
-0.436000 0.173840
-0.434000 0.175165
-0.432000 0.176504
-0.430000 0.177857
-0.428000 0.179224
-0.426000 0.180606
-0.424000 0.182003
-0.422000 0.183416
-0.420000 0.184843
-0.418000 0.186286
-0.416000 0.187744
-0.414000 0.189218
-0.412000 0.190709
-0.410000 0.192215
-0.408000 0.193738
-0.406000 0.195278
-0.404000 0.196835
-0.402000 0.198409
-0.400000 0.200000
-0.398000 0.201609
-0.396000 0.203236
-0.394000 0.204880
-0.392000 0.206543
-0.390000 0.208225
-0.388000 0.209925
-0.386000 0.211645
-0.384000 0.213383
-0.382000 0.215142
-0.380000 0.216920
-0.378000 0.218718
-0.376000 0.220536
-0.374000 0.222375
-0.372000 0.224235
-0.370000 0.226116
-0.368000 0.228019
-0.366000 0.229943
-0.364000 0.231889
-0.362000 0.233858
-0.360000 0.235849
-0.358000 0.237863
-0.356000 0.239900
-0.354000 0.241961
-0.352000 0.244045
-0.350000 0.246154
-0.348000 0.248287
-0.346000 0.250445
-0.344000 0.252627
-0.342000 0.254836
-0.340000 0.257069
-0.338000 0.259329
-0.336000 0.261616
-0.334000 0.263929
-0.332000 0.266269
-0.330000 0.268637
-0.328000 0.271032
-0.326000 0.273456
-0.324000 0.275908
-0.322000 0.278389
-0.320000 0.280899
-0.318000 0.283439
-0.316000 0.286008
-0.314000 0.288609
-0.312000 0.291240
-0.310000 0.293902
-0.308000 0.296595
-0.306000 0.299321
-0.304000 0.302078
-0.302000 0.304869
-0.300000 0.307692
-0.298000 0.310549
-0.296000 0.313440
-0.294000 0.316366
-0.292000 0.319326
-0.290000 0.322321
-0.288000 0.325351
-0.286000 0.328418
-0.284000 0.331521
-0.282000 0.334661
-0.280000 0.337838
-0.278000 0.341052
-0.276000 0.344305
-0.274000 0.347596
-0.272000 0.350926
-0.270000 0.354296
-0.268000 0.357705
-0.266000 0.361154
-0.264000 0.364644
-0.262000 0.368175
-0.260000 0.371747
-0.258000 0.375361
-0.256000 0.379018
-0.254000 0.382717
-0.252000 0.386458
-0.250000 0.390244
-0.248000 0.394073
-0.246000 0.397947
-0.244000 0.401865
-0.242000 0.405828
-0.240000 0.409836
-0.238000 0.413890
-0.236000 0.417990
-0.234000 0.422137
-0.232000 0.426330
-0.230000 0.430571
-0.228000 0.434858
-0.226000 0.439194
-0.224000 0.443577
-0.222000 0.448009
-0.220000 0.452489
-0.218000 0.457018
-0.216000 0.461595
-0.214000 0.466222
-0.212000 0.470898
-0.210000 0.475624
-0.208000 0.480400
-0.206000 0.485225
-0.204000 0.490100
-0.202000 0.495025
-0.200000 0.500000
-0.198000 0.505025
-0.196000 0.510100
-0.194000 0.515225
-0.192000 0.520400
-0.190000 0.525624
-0.188000 0.530898
-0.186000 0.536222
-0.184000 0.541594
-0.182000 0.547016
-0.180000 0.552486
-0.178000 0.558005
-0.176000 0.563571
-0.174000 0.569184
-0.172000 0.574845
-0.170000 0.580552
-0.168000 0.586304
-0.166000 0.592101
-0.164000 0.597943
-0.162000 0.603828
-0.160000 0.609756
-0.158000 0.615726
-0.156000 0.621736
-0.154000 0.627786
-0.152000 0.633874
-0.150000 0.640000
-0.148000 0.646162
-0.146000 0.652358
-0.144000 0.658588
-0.142000 0.664849
-0.140000 0.671141
-0.138000 0.677461
-0.136000 0.683807
-0.134000 0.690179
-0.132000 0.696573
-0.130000 0.702988
-0.128000 0.709421
-0.126000 0.715871
-0.124000 0.722335
-0.122000 0.728810
-0.120000 0.735294
-0.118000 0.741785
-0.116000 0.748279
-0.114000 0.754774
-0.112000 0.761267
-0.110000 0.767754
-0.108000 0.774234
-0.106000 0.780701
-0.104000 0.787154
-0.102000 0.793588
-0.100000 0.800000
-0.098000 0.806387
-0.096000 0.812744
-0.094000 0.819068
-0.092000 0.825355
-0.090000 0.831601
-0.088000 0.837802
-0.086000 0.843953
-0.084000 0.850051
-0.082000 0.856091
-0.080000 0.862069
-0.078000 0.867980
-0.076000 0.873820
-0.074000 0.879585
-0.072000 0.885269
-0.070000 0.890869
-0.068000 0.896379
-0.066000 0.901795
-0.064000 0.907112
-0.062000 0.912326
-0.060000 0.917431
-0.058000 0.922424
-0.056000 0.927300
-0.054000 0.932053
-0.052000 0.936680
-0.050000 0.941176
-0.048000 0.945537
-0.046000 0.949758
-0.044000 0.953834
-0.042000 0.957763
-0.040000 0.961538
-0.038000 0.965158
-0.036000 0.968617
-0.034000 0.971912
-0.032000 0.975039
-0.030000 0.977995
-0.028000 0.980777
-0.026000 0.983381
-0.024000 0.985804
-0.022000 0.988045
-0.020000 0.990099
-0.018000 0.991965
-0.016000 0.993641
-0.014000 0.995124
-0.012000 0.996413
-0.010000 0.997506
-0.008000 0.998403
-0.006000 0.999101
-0.004000 0.999600
-0.002000 0.999900
0.000000 1.000000
0.002000 0.999900
0.004000 0.999600
0.006000 0.999101
0.008000 0.998403
0.010000 0.997506
0.012000 0.996413
0.014000 0.995124
0.016000 0.993641
0.018000 0.991965
0.020000 0.990099
0.022000 0.988045
0.024000 0.985804
0.026000 0.983381
0.028000 0.980777
0.030000 0.977995
0.032000 0.975039
0.034000 0.971912
0.036000 0.968617
0.038000 0.965158
0.040000 0.961538
0.042000 0.957763
0.044000 0.953834
0.046000 0.949758
0.048000 0.945537
0.050000 0.941176
0.052000 0.936680
0.054000 0.932053
0.056000 0.927300
0.058000 0.922424
0.060000 0.917431
0.062000 0.912326
0.064000 0.907112
0.066000 0.901795
0.068000 0.896379
0.070000 0.890869
0.072000 0.885269
0.074000 0.879585
0.076000 0.873820
0.078000 0.867980
0.080000 0.862069
0.082000 0.856091
0.084000 0.850051
0.086000 0.843953
0.088000 0.837802
0.090000 0.831601
0.092000 0.825355
0.094000 0.819068
0.096000 0.812744
0.098000 0.806387
0.100000 0.800000
0.102000 0.793588
0.104000 0.787154
0.106000 0.780701
0.108000 0.774234
0.110000 0.767754
0.112000 0.761267
0.114000 0.754774
0.116000 0.748279
0.118000 0.741785
0.120000 0.735294
0.122000 0.728810
0.124000 0.722335
0.126000 0.715871
0.128000 0.709421
0.130000 0.702988
0.132000 0.696573
0.134000 0.690179
0.136000 0.683807
0.138000 0.677461
0.140000 0.671141
0.142000 0.664849
0.144000 0.658588
0.146000 0.652358
0.148000 0.646162
0.150000 0.640000
0.152000 0.633874
0.154000 0.627786
0.156000 0.621736
0.158000 0.615726
0.160000 0.609756
0.162000 0.603828
0.164000 0.597943
0.166000 0.592101
0.168000 0.586304
0.170000 0.580552
0.172000 0.574845
0.174000 0.569184
0.176000 0.563571
0.178000 0.558005
0.180000 0.552486
0.182000 0.547016
0.184000 0.541594
0.186000 0.536222
0.188000 0.530898
0.190000 0.525624
0.192000 0.520400
0.194000 0.515225
0.196000 0.510100
0.198000 0.505025
0.200000 0.500000
0.202000 0.495025
0.204000 0.490100
0.206000 0.485225
0.208000 0.480400
0.210000 0.475624
0.212000 0.470898
0.214000 0.466222
0.216000 0.461595
0.218000 0.457018
0.220000 0.452489
0.222000 0.448009
0.224000 0.443577
0.226000 0.439194
0.228000 0.434858
0.230000 0.430571
0.232000 0.426330
0.234000 0.422137
0.236000 0.417990
0.238000 0.413890
0.240000 0.409836
0.242000 0.405828
0.244000 0.401865
0.246000 0.397947
0.248000 0.394073
0.250000 0.390244
0.252000 0.386458
0.254000 0.382717
0.256000 0.379018
0.258000 0.375361
0.260000 0.371747
0.262000 0.368175
0.264000 0.364644
0.266000 0.361154
0.268000 0.357705
0.270000 0.354296
0.272000 0.350926
0.274000 0.347596
0.276000 0.344305
0.278000 0.341052
0.280000 0.337838
0.282000 0.334661
0.284000 0.331521
0.286000 0.328418
0.288000 0.325351
0.290000 0.322321
0.292000 0.319326
0.294000 0.316366
0.296000 0.313440
0.298000 0.310549
0.300000 0.307692
0.302000 0.304869
0.304000 0.302078
0.306000 0.299321
0.308000 0.296595
0.310000 0.293902
0.312000 0.291240
0.314000 0.288609
0.316000 0.286008
0.318000 0.283439
0.320000 0.280899
0.322000 0.278389
0.324000 0.275908
0.326000 0.273456
0.328000 0.271032
0.330000 0.268637
0.332000 0.266269
0.334000 0.263929
0.336000 0.261616
0.338000 0.259329
0.340000 0.257069
0.342000 0.254836
0.344000 0.252627
0.346000 0.250445
0.348000 0.248287
0.350000 0.246154
0.352000 0.244045
0.354000 0.241961
0.356000 0.239900
0.358000 0.237863
0.360000 0.235849
0.362000 0.233858
0.364000 0.231889
0.366000 0.229943
0.368000 0.228019
0.370000 0.226116
0.372000 0.224235
0.374000 0.222375
0.376000 0.220536
0.378000 0.218718
0.380000 0.216920
0.382000 0.215142
0.384000 0.213383
0.386000 0.211645
0.388000 0.209925
0.390000 0.208225
0.392000 0.206543
0.394000 0.204880
0.396000 0.203236
0.398000 0.201609
0.400000 0.200000
0.402000 0.198409
0.404000 0.196835
0.406000 0.195278
0.408000 0.193738
0.410000 0.192215
0.412000 0.190709
0.414000 0.189218
0.416000 0.187744
0.418000 0.186286
0.420000 0.184843
0.422000 0.183416
0.424000 0.182003
0.426000 0.180606
0.428000 0.179224
0.430000 0.177857
0.432000 0.176504
0.434000 0.175165
0.436000 0.173840
0.438000 0.172530
0.440000 0.171233
0.442000 0.169950
0.444000 0.168680
0.446000 0.167423
0.448000 0.166179
0.450000 0.164948
0.452000 0.163730
0.454000 0.162525
0.456000 0.161332
0.458000 0.160151
0.460000 0.158983
0.462000 0.157826
0.464000 0.156681
0.466000 0.155548
0.468000 0.154426
0.470000 0.153315
0.472000 0.152216
0.474000 0.151128
0.476000 0.150051
0.478000 0.148985
0.480000 0.147929
0.482000 0.146884
0.484000 0.145849
0.486000 0.144825
0.488000 0.143810
0.490000 0.142806
0.492000 0.141812
0.494000 0.140827
0.496000 0.139852
0.498000 0.138887
0.500000 0.137931
0.502000 0.136984
0.504000 0.136047
0.506000 0.135119
0.508000 0.134199
0.510000 0.133289
0.512000 0.132387
0.514000 0.131494
0.516000 0.130610
0.518000 0.129734
0.520000 0.128866
0.522000 0.128007
0.524000 0.127155
0.526000 0.126312
0.528000 0.125477
0.530000 0.124649
0.532000 0.123830
0.534000 0.123018
0.536000 0.122214
0.538000 0.121417
0.540000 0.120627
0.542000 0.119845
0.544000 0.119070
0.546000 0.118303
0.548000 0.117542
0.550000 0.116788
0.552000 0.116042
0.554000 0.115302
0.556000 0.114569
0.558000 0.113842
0.560000 0.113122
0.562000 0.112409
0.564000 0.111702
0.566000 0.111001
0.568000 0.110307
0.570000 0.109619
0.572000 0.108937
0.574000 0.108261
0.576000 0.107592
0.578000 0.106928
0.580000 0.106270
0.582000 0.105618
0.584000 0.104971
0.586000 0.104331
0.588000 0.103696
0.590000 0.103066
0.592000 0.102442
0.594000 0.101824
0.596000 0.101210
0.598000 0.100603
0.600000 0.100000
0.602000 0.099403
0.604000 0.098810
0.606000 0.098223
0.608000 0.097641
0.610000 0.097064
0.612000 0.096492
0.614000 0.095924
0.616000 0.095362
0.618000 0.094804
0.620000 0.094251
0.622000 0.093702
0.624000 0.093158
0.626000 0.092619
0.628000 0.092084
0.630000 0.091554
0.632000 0.091028
0.634000 0.090507
0.636000 0.089990
0.638000 0.089477
0.640000 0.088968
0.642000 0.088463
0.644000 0.087963
0.646000 0.087467
0.648000 0.086975
0.650000 0.086486
0.652000 0.086002
0.654000 0.085522
0.656000 0.085046
0.658000 0.084573
0.660000 0.084104
0.662000 0.083639
0.664000 0.083178
0.666000 0.082721
0.668000 0.082267
0.670000 0.081816
0.672000 0.081370
0.674000 0.080926
0.676000 0.080487
0.678000 0.080051
0.680000 0.079618
0.682000 0.079188
0.684000 0.078762
0.686000 0.078340
0.688000 0.077920
0.690000 0.077504
0.692000 0.077091
0.694000 0.076682
0.696000 0.076275
0.698000 0.075872
0.700000 0.075472
0.702000 0.075075
0.704000 0.074680
0.706000 0.074289
0.708000 0.073901
0.710000 0.073516
0.712000 0.073134
0.714000 0.072754
0.716000 0.072378
0.718000 0.072004
0.720000 0.071633
0.722000 0.071265
0.724000 0.070900
0.726000 0.070537
0.728000 0.070177
0.730000 0.069820
0.732000 0.069466
0.734000 0.069114
0.736000 0.068764
0.738000 0.068418
0.740000 0.068074
0.742000 0.067732
0.744000 0.067393
0.746000 0.067056
0.748000 0.066722
0.750000 0.066390
0.752000 0.066061
0.754000 0.065734
0.756000 0.065409
0.758000 0.065087
0.760000 0.064767
0.762000 0.064449
0.764000 0.064134
0.766000 0.063821
0.768000 0.063510
0.770000 0.063201
0.772000 0.062895
0.774000 0.062590
0.776000 0.062288
0.778000 0.061988
0.780000 0.061690
0.782000 0.061395
0.784000 0.061101
0.786000 0.060809
0.788000 0.060519
0.790000 0.060232
0.792000 0.059946
0.794000 0.059663
0.796000 0.059381
0.798000 0.059101
0.800000 0.058824
0.802000 0.058548
0.804000 0.058274
0.806000 0.058002
0.808000 0.057731
0.810000 0.057463
0.812000 0.057196
0.814000 0.056932
0.816000 0.056669
0.818000 0.056408
0.820000 0.056148
0.822000 0.055891
0.824000 0.055635
0.826000 0.055380
0.828000 0.055128
0.830000 0.054877
0.832000 0.054628
0.834000 0.054381
0.836000 0.054135
0.838000 0.053891
0.840000 0.053648
0.842000 0.053407
0.844000 0.053168
0.846000 0.052930
0.848000 0.052694
0.850000 0.052459
0.852000 0.052226
0.854000 0.051994
0.856000 0.051764
0.858000 0.051536
0.860000 0.051308
0.862000 0.051083
0.864000 0.050858
0.866000 0.050636
0.868000 0.050414
0.870000 0.050195
0.872000 0.049976
0.874000 0.049759
0.876000 0.049543
0.878000 0.049329
0.880000 0.049116
0.882000 0.048904
0.884000 0.048694
0.886000 0.048485
0.888000 0.048277
0.890000 0.048071
0.892000 0.047866
0.894000 0.047662
0.896000 0.047460
0.898000 0.047259
0.900000 0.047059
0.902000 0.046860
0.904000 0.046663
0.906000 0.046466
0.908000 0.046271
0.910000 0.046078
0.912000 0.045885
0.914000 0.045694
0.916000 0.045503
0.918000 0.045314
0.920000 0.045126
0.922000 0.044940
0.924000 0.044754
0.926000 0.044569
0.928000 0.044386
0.930000 0.044204
0.932000 0.044023
0.934000 0.043843
0.936000 0.043664
0.938000 0.043486
0.940000 0.043309
0.942000 0.043133
0.944000 0.042958
0.946000 0.042785
0.948000 0.042612
0.950000 0.042440
0.952000 0.042270
0.954000 0.042100
0.956000 0.041932
0.958000 0.041764
0.960000 0.041597
0.962000 0.041432
0.964000 0.041267
0.966000 0.041103
0.968000 0.040941
0.970000 0.040779
0.972000 0.040618
0.974000 0.040458
0.976000 0.040299
0.978000 0.040141
0.980000 0.039984
0.982000 0.039828
0.984000 0.039672
0.986000 0.039518
0.988000 0.039364
0.990000 0.039212
0.992000 0.039060
0.994000 0.038909
0.996000 0.038759
0.998000 0.038610
