-1.000000 375601.000000
-0.998000 369576.255313
-0.996000 363636.136358
-0.994000 357779.623526
-0.992000 352005.707452
-0.990000 346313.388933
-0.988000 340701.678846
-0.986000 335169.598065
-0.984000 329716.177384
-0.982000 324340.457432
-0.980000 319041.488595
-0.978000 313818.330938
-0.976000 308670.054124
-0.974000 303595.737337
-0.972000 298594.469202
-0.970000 293665.347710
-0.968000 288807.480138
-0.966000 284019.982977
-0.964000 279301.981852
-0.962000 274652.611445
-0.960000 270071.015427
-0.958000 265556.346374
-0.956000 261107.765701
-0.954000 256724.443584
-0.952000 252405.558886
-0.950000 248150.299088
-0.948000 243957.860211
-0.946000 239827.446751
-0.944000 235758.271602
-0.942000 231749.555987
-0.940000 227800.529389
-0.938000 223910.429476
-0.936000 220078.502038
-0.934000 216304.000913
-0.932000 212586.187920
-0.930000 208924.332790
-0.928000 205317.713099
-0.926000 201765.614199
-0.924000 198267.329152
-0.922000 194822.158666
-0.920000 191429.411023
-0.918000 188088.402019
-0.916000 184798.454894
-0.914000 181558.900271
-0.912000 178369.076090
-0.910000 175228.327543
-0.908000 172136.007012
-0.906000 169091.474004
-0.904000 166094.095092
-0.902000 163143.243847
-0.900000 160238.300781
-0.898000 157378.653284
-0.896000 154563.695559
-0.894000 151792.828570
-0.892000 149065.459972
-0.890000 146381.004058
-0.888000 143738.881696
-0.886000 141138.520271
-0.884000 138579.353626
-0.882000 136060.822006
-0.880000 133582.371996
-0.878000 131143.456466
-0.876000 128743.534512
-0.874000 126382.071404
-0.872000 124058.538524
-0.870000 121772.413312
-0.868000 119523.179213
-0.866000 117310.325617
-0.864000 115133.347808
-0.862000 112991.746909
-0.860000 110885.029827
-0.858000 108812.709199
-0.856000 106774.303339
-0.854000 104769.336187
-0.852000 102797.337253
-0.850000 100857.841568
-0.848000 98950.389630
-0.846000 97074.527355
-0.844000 95229.806021
-0.842000 93415.782223
-0.840000 91632.017820
-0.838000 89878.079885
-0.836000 88153.540653
-0.834000 86457.977479
-0.832000 84790.972779
-0.830000 83152.113990
-0.828000 81540.993518
-0.826000 79957.208688
-0.824000 78400.361703
-0.822000 76870.059588
-0.820000 75365.914150
-0.818000 73887.541931
-0.816000 72434.564157
-0.814000 71006.606697
-0.812000 69603.300015
-0.810000 68224.279126
-0.808000 66869.183550
-0.806000 65537.657268
-0.804000 64229.348680
-0.802000 62943.910557
-0.800000 61681.000000
-0.798000 60440.278396
-0.796000 59221.411378
-0.794000 58024.068775
-0.792000 56847.924581
-0.790000 55692.656901
-0.788000 54557.947918
-0.786000 53443.483850
-0.784000 52348.954905
-0.782000 51274.055245
-0.780000 50218.482944
-0.778000 49181.939947
-0.776000 48164.132031
-0.774000 47164.768768
-0.772000 46183.563480
-0.770000 45220.233206
-0.768000 44274.498661
-0.766000 43346.084198
-0.764000 42434.717769
-0.762000 41540.130890
-0.760000 40662.058601
-0.758000 39800.239431
-0.756000 38954.415358
-0.754000 38124.331779
-0.752000 37309.737467
-0.750000 36510.384537
-0.748000 35726.028413
-0.746000 34956.427790
-0.744000 34201.344601
-0.742000 33460.543981
-0.740000 32733.794230
-0.738000 32020.866786
-0.736000 31321.536182
-0.734000 30635.580021
-0.732000 29962.778936
-0.730000 29302.916560
-0.728000 28655.779494
-0.726000 28021.157270
-0.724000 27398.842327
-0.722000 26788.629968
-0.720000 26190.318339
-0.718000 25603.708389
-0.716000 25028.603844
-0.714000 24464.811175
-0.712000 23912.139566
-0.710000 23370.400884
-0.708000 22839.409650
-0.706000 22318.983006
-0.704000 21808.940690
-0.702000 21309.105003
-0.700000 20819.300781
-0.698000 20339.355365
-0.696000 19869.098575
-0.694000 19408.362678
-0.692000 18956.982362
-0.690000 18514.794709
-0.688000 18081.639165
-0.686000 17657.357512
-0.684000 17241.793845
-0.682000 16834.794541
-0.680000 16436.208233
-0.678000 16045.885784
-0.676000 15663.680263
-0.674000 15289.446912
-0.672000 14923.043130
-0.670000 14564.328439
-0.668000 14213.164463
-0.666000 13869.414902
-0.664000 13532.945505
-0.662000 13203.624049
-0.660000 12881.320313
-0.658000 12565.906052
-0.656000 12257.254976
-0.654000 11955.242722
-0.652000 11659.746835
-0.650000 11370.646744
-0.648000 11087.823734
-0.646000 10811.160929
-0.644000 10540.543267
-0.642000 10275.857476
-0.640000 10016.992054
-0.638000 9763.837244
-0.636000 9516.285018
-0.634000 9274.229047
-0.632000 9037.564686
-0.630000 8806.188951
-0.628000 8580.000496
-0.626000 8358.899595
-0.624000 8142.788119
-0.622000 7931.569516
-0.620000 7725.148793
-0.618000 7523.432493
-0.616000 7326.328676
-0.614000 7133.746900
-0.612000 6945.598200
-0.610000 6761.795071
-0.608000 6582.251446
-0.606000 6406.882681
-0.604000 6235.605531
-0.602000 6068.338136
-0.600000 5905.000000
-0.598000 5745.511975
-0.596000 5589.796241
-0.594000 5437.776288
-0.592000 5289.376900
-0.590000 5144.524137
-0.588000 5003.145316
-0.586000 4865.168998
-0.584000 4730.524964
-0.582000 4599.144207
-0.580000 4470.958909
-0.578000 4345.902425
-0.576000 4223.909270
-0.574000 4104.915102
-0.572000 3988.856704
-0.570000 3875.671968
-0.568000 3765.299883
-0.566000 3657.680517
-0.564000 3552.755001
-0.562000 3450.465517
-0.560000 3350.755279
-0.558000 3253.568522
-0.556000 3158.850485
-0.554000 3066.547396
-0.552000 2976.606460
-0.550000 2888.975845
-0.548000 2803.604665
-0.546000 2720.442967
-0.544000 2639.441721
-0.542000 2560.552801
-0.540000 2483.728976
-0.538000 2408.923893
-0.536000 2336.092068
-0.534000 2265.188870
-0.532000 2196.170507
-0.530000 2128.994020
-0.528000 2063.617262
-0.526000 1999.998891
-0.524000 1938.098355
-0.522000 1877.875883
-0.520000 1819.292470
-0.518000 1762.309866
-0.516000 1706.890566
-0.514000 1652.997796
-0.512000 1600.595504
-0.510000 1549.648344
-0.508000 1500.121673
-0.506000 1451.981531
-0.504000 1405.194637
-0.502000 1359.728374
-0.500000 1315.550781
-0.498000 1272.630541
-0.496000 1230.936971
-0.494000 1190.440011
-0.492000 1151.110216
-0.490000 1112.918744
-0.488000 1075.837346
-0.486000 1039.838358
-0.484000 1004.894689
-0.482000 970.979815
-0.480000 938.067766
-0.478000 906.133117
-0.476000 875.150981
-0.474000 845.097001
-0.472000 815.947334
-0.470000 787.678652
-0.468000 760.268125
-0.466000 733.693417
-0.464000 707.932677
-0.462000 682.964529
-0.460000 658.768064
-0.458000 635.322833
-0.456000 612.608839
-0.454000 590.606527
-0.452000 569.296779
-0.450000 548.660904
-0.448000 528.680631
-0.446000 509.338102
-0.444000 490.615864
-0.442000 472.496862
-0.440000 454.964431
-0.438000 438.002291
-0.436000 421.594535
-0.434000 405.725629
-0.432000 390.380401
-0.430000 375.544032
-0.428000 361.202056
-0.426000 347.340346
-0.424000 333.945115
-0.422000 321.002903
-0.420000 308.500573
-0.418000 296.425307
-0.416000 284.764597
-0.414000 273.506241
-0.412000 262.638335
-0.410000 252.149269
-0.408000 242.027721
-0.406000 232.262650
-0.404000 222.843291
-0.402000 213.759151
-0.400000 205.000000
-0.398000 196.555871
-0.396000 188.417048
-0.394000 180.574069
-0.392000 173.017712
-0.390000 165.738997
-0.388000 158.729177
-0.386000 151.979735
-0.384000 145.482379
-0.382000 139.229036
-0.380000 133.211849
-0.378000 127.423173
-0.376000 121.855566
-0.374000 116.501790
-0.372000 111.354804
-0.370000 106.407760
-0.368000 101.653999
-0.366000 97.087046
-0.364000 92.700609
-0.362000 88.488569
-0.360000 84.444982
-0.358000 80.564072
-0.356000 76.840229
-0.354000 73.268003
-0.352000 69.842103
-0.350000 66.557388
-0.348000 63.408873
-0.346000 60.391715
-0.344000 57.501217
-0.342000 54.732821
-0.340000 52.082105
-0.338000 49.544783
-0.336000 47.116696
-0.334000 44.793813
-0.332000 42.572229
-0.330000 40.448156
-0.328000 38.417927
-0.326000 36.477989
-0.324000 34.624902
-0.322000 32.855333
-0.320000 31.166057
-0.318000 29.553953
-0.316000 28.016001
-0.314000 26.549280
-0.312000 25.150962
-0.310000 23.818317
-0.308000 22.548703
-0.306000 21.339567
-0.304000 20.188443
-0.302000 19.092948
-0.300000 18.050781
-0.298000 17.059721
-0.296000 16.117622
-0.294000 15.222416
-0.292000 14.372106
-0.290000 13.564767
-0.288000 12.798542
-0.286000 12.071642
-0.284000 11.382341
-0.282000 10.728979
-0.280000 10.109955
-0.278000 9.523728
-0.276000 8.968815
-0.274000 8.443790
-0.272000 7.947280
-0.270000 7.477965
-0.268000 7.034575
-0.266000 6.615892
-0.264000 6.220744
-0.262000 5.848006
-0.260000 5.496598
-0.258000 5.165483
-0.256000 4.853667
-0.254000 4.560197
-0.252000 4.284158
-0.250000 4.024673
-0.248000 3.780905
-0.246000 3.552050
-0.244000 3.337338
-0.242000 3.136033
-0.240000 2.947433
-0.238000 2.770864
-0.236000 2.605683
-0.234000 2.451276
-0.232000 2.307058
-0.230000 2.172468
-0.228000 2.046974
-0.226000 1.930066
-0.224000 1.821260
-0.222000 1.720094
-0.220000 1.626128
-0.218000 1.538944
-0.216000 1.458145
-0.214000 1.383352
-0.212000 1.314206
-0.210000 1.250366
-0.208000 1.191509
-0.206000 1.137327
-0.204000 1.087529
-0.202000 1.041841
-0.200000 1.000000
-0.198000 0.961761
-0.196000 0.926889
-0.194000 0.895164
-0.192000 0.866378
-0.190000 0.840335
-0.188000 0.816848
-0.186000 0.795744
-0.184000 0.776857
-0.182000 0.760033
-0.180000 0.745126
-0.178000 0.732000
-0.176000 0.720526
-0.174000 0.710583
-0.172000 0.702059
-0.170000 0.694847
-0.168000 0.688849
-0.166000 0.683972
-0.164000 0.680129
-0.162000 0.677240
-0.160000 0.675228
-0.158000 0.674024
-0.156000 0.673562
-0.154000 0.673782
-0.152000 0.674625
-0.150000 0.676041
-0.148000 0.677979
-0.146000 0.680394
-0.144000 0.683245
-0.142000 0.686492
-0.140000 0.690099
-0.138000 0.694033
-0.136000 0.698263
-0.134000 0.702760
-0.132000 0.707497
-0.130000 0.712452
-0.128000 0.717600
-0.126000 0.722922
-0.124000 0.728397
-0.122000 0.734009
-0.120000 0.739740
-0.118000 0.745576
-0.116000 0.751503
-0.114000 0.757506
-0.112000 0.763576
-0.110000 0.769699
-0.108000 0.775866
-0.106000 0.782066
-0.104000 0.788292
-0.102000 0.794533
-0.100000 0.800781
-0.098000 0.807030
-0.096000 0.813271
-0.094000 0.819499
-0.092000 0.825705
-0.090000 0.831884
-0.088000 0.838029
-0.086000 0.844135
-0.084000 0.850196
-0.082000 0.856206
-0.080000 0.862159
-0.078000 0.868051
-0.076000 0.873875
-0.074000 0.879627
-0.072000 0.885301
-0.070000 0.890893
-0.068000 0.896397
-0.066000 0.901808
-0.064000 0.907122
-0.062000 0.912333
-0.060000 0.917437
-0.058000 0.922428
-0.056000 0.927302
-0.054000 0.932055
-0.052000 0.936682
-0.050000 0.941177
-0.048000 0.945538
-0.046000 0.949758
-0.044000 0.953835
-0.042000 0.957763
-0.040000 0.961539
-0.038000 0.965158
-0.036000 0.968617
-0.034000 0.971912
-0.032000 0.975039
-0.030000 0.977995
-0.028000 0.980777
-0.026000 0.983381
-0.024000 0.985804
-0.022000 0.988045
-0.020000 0.990099
-0.018000 0.991965
-0.016000 0.993641
-0.014000 0.995124
-0.012000 0.996413
-0.010000 0.997506
-0.008000 0.998403
-0.006000 0.999101
-0.004000 0.999600
-0.002000 0.999900
0.000000 1.000000
0.002000 0.999900
0.004000 0.999600
0.006000 0.999101
0.008000 0.998403
0.010000 0.997506
0.012000 0.996413
0.014000 0.995124
0.016000 0.993641
0.018000 0.991965
0.020000 0.990099
0.022000 0.988045
0.024000 0.985804
0.026000 0.983381
0.028000 0.980777
0.030000 0.977995
0.032000 0.975039
0.034000 0.971912
0.036000 0.968617
0.038000 0.965158
0.040000 0.961539
0.042000 0.957763
0.044000 0.953835
0.046000 0.949758
0.048000 0.945538
0.050000 0.941177
0.052000 0.936682
0.054000 0.932055
0.056000 0.927302
0.058000 0.922428
0.060000 0.917437
0.062000 0.912333
0.064000 0.907122
0.066000 0.901808
0.068000 0.896397
0.070000 0.890893
0.072000 0.885301
0.074000 0.879627
0.076000 0.873875
0.078000 0.868051
0.080000 0.862159
0.082000 0.856206
0.084000 0.850196
0.086000 0.844135
0.088000 0.838029
0.090000 0.831884
0.092000 0.825705
0.094000 0.819499
0.096000 0.813271
0.098000 0.807030
0.100000 0.800781
0.102000 0.794533
0.104000 0.788292
0.106000 0.782066
0.108000 0.775866
0.110000 0.769699
0.112000 0.763576
0.114000 0.757506
0.116000 0.751503
0.118000 0.745576
0.120000 0.739740
0.122000 0.734009
0.124000 0.728397
0.126000 0.722922
0.128000 0.717600
0.130000 0.712452
0.132000 0.707497
0.134000 0.702760
0.136000 0.698263
0.138000 0.694033
0.140000 0.690099
0.142000 0.686492
0.144000 0.683245
0.146000 0.680394
0.148000 0.677979
0.150000 0.676041
0.152000 0.674625
0.154000 0.673782
0.156000 0.673562
0.158000 0.674024
0.160000 0.675228
0.162000 0.677240
0.164000 0.680129
0.166000 0.683972
0.168000 0.688849
0.170000 0.694847
0.172000 0.702059
0.174000 0.710583
0.176000 0.720526
0.178000 0.732000
0.180000 0.745126
0.182000 0.760033
0.184000 0.776857
0.186000 0.795744
0.188000 0.816848
0.190000 0.840335
0.192000 0.866378
0.194000 0.895164
0.196000 0.926889
0.198000 0.961761
0.200000 1.000000
0.202000 1.041841
0.204000 1.087529
0.206000 1.137327
0.208000 1.191509
0.210000 1.250366
0.212000 1.314206
0.214000 1.383352
0.216000 1.458145
0.218000 1.538944
0.220000 1.626128
0.222000 1.720094
0.224000 1.821260
0.226000 1.930066
0.228000 2.046974
0.230000 2.172468
0.232000 2.307058
0.234000 2.451276
0.236000 2.605683
0.238000 2.770864
0.240000 2.947433
0.242000 3.136033
0.244000 3.337338
0.246000 3.552050
0.248000 3.780905
0.250000 4.024673
0.252000 4.284158
0.254000 4.560197
0.256000 4.853667
0.258000 5.165483
0.260000 5.496598
0.262000 5.848006
0.264000 6.220744
0.266000 6.615892
0.268000 7.034575
0.270000 7.477965
0.272000 7.947280
0.274000 8.443790
0.276000 8.968815
0.278000 9.523728
0.280000 10.109955
0.282000 10.728979
0.284000 11.382341
0.286000 12.071642
0.288000 12.798542
0.290000 13.564767
0.292000 14.372106
0.294000 15.222416
0.296000 16.117622
0.298000 17.059721
0.300000 18.050781
0.302000 19.092948
0.304000 20.188443
0.306000 21.339567
0.308000 22.548703
0.310000 23.818317
0.312000 25.150962
0.314000 26.549280
0.316000 28.016001
0.318000 29.553953
0.320000 31.166057
0.322000 32.855333
0.324000 34.624902
0.326000 36.477989
0.328000 38.417927
0.330000 40.448156
0.332000 42.572229
0.334000 44.793813
0.336000 47.116696
0.338000 49.544783
0.340000 52.082105
0.342000 54.732821
0.344000 57.501217
0.346000 60.391715
0.348000 63.408873
0.350000 66.557388
0.352000 69.842103
0.354000 73.268003
0.356000 76.840229
0.358000 80.564072
0.360000 84.444982
0.362000 88.488569
0.364000 92.700609
0.366000 97.087046
0.368000 101.653999
0.370000 106.407760
0.372000 111.354804
0.374000 116.501790
0.376000 121.855566
0.378000 127.423173
0.380000 133.211849
0.382000 139.229036
0.384000 145.482379
0.386000 151.979735
0.388000 158.729177
0.390000 165.738997
0.392000 173.017712
0.394000 180.574069
0.396000 188.417048
0.398000 196.555871
0.400000 205.000000
0.402000 213.759151
0.404000 222.843291
0.406000 232.262650
0.408000 242.027721
0.410000 252.149269
0.412000 262.638335
0.414000 273.506241
0.416000 284.764597
0.418000 296.425307
0.420000 308.500573
0.422000 321.002903
0.424000 333.945115
0.426000 347.340346
0.428000 361.202056
0.430000 375.544032
0.432000 390.380401
0.434000 405.725629
0.436000 421.594535
0.438000 438.002291
0.440000 454.964431
0.442000 472.496862
0.444000 490.615864
0.446000 509.338102
0.448000 528.680631
0.450000 548.660904
0.452000 569.296779
0.454000 590.606527
0.456000 612.608839
0.458000 635.322833
0.460000 658.768064
0.462000 682.964529
0.464000 707.932677
0.466000 733.693417
0.468000 760.268125
0.470000 787.678652
0.472000 815.947334
0.474000 845.097001
0.476000 875.150981
0.478000 906.133117
0.480000 938.067766
0.482000 970.979815
0.484000 1004.894689
0.486000 1039.838358
0.488000 1075.837346
0.490000 1112.918744
0.492000 1151.110216
0.494000 1190.440011
0.496000 1230.936971
0.498000 1272.630541
0.500000 1315.550781
0.502000 1359.728374
0.504000 1405.194637
0.506000 1451.981531
0.508000 1500.121673
0.510000 1549.648344
0.512000 1600.595504
0.514000 1652.997796
0.516000 1706.890566
0.518000 1762.309866
0.520000 1819.292470
0.522000 1877.875883
0.524000 1938.098355
0.526000 1999.998891
0.528000 2063.617262
0.530000 2128.994020
0.532000 2196.170507
0.534000 2265.188870
0.536000 2336.092068
0.538000 2408.923893
0.540000 2483.728976
0.542000 2560.552801
0.544000 2639.441721
0.546000 2720.442967
0.548000 2803.604665
0.550000 2888.975845
0.552000 2976.606460
0.554000 3066.547396
0.556000 3158.850485
0.558000 3253.568522
0.560000 3350.755279
0.562000 3450.465517
0.564000 3552.755001
0.566000 3657.680517
0.568000 3765.299883
0.570000 3875.671968
0.572000 3988.856704
0.574000 4104.915102
0.576000 4223.909270
0.578000 4345.902425
0.580000 4470.958909
0.582000 4599.144207
0.584000 4730.524964
0.586000 4865.168998
0.588000 5003.145316
0.590000 5144.524137
0.592000 5289.376900
0.594000 5437.776288
0.596000 5589.796241
0.598000 5745.511975
0.600000 5905.000000
0.602000 6068.338136
0.604000 6235.605531
0.606000 6406.882681
0.608000 6582.251446
0.610000 6761.795071
0.612000 6945.598200
0.614000 7133.746900
0.616000 7326.328676
0.618000 7523.432493
0.620000 7725.148793
0.622000 7931.569516
0.624000 8142.788119
0.626000 8358.899595
0.628000 8580.000496
0.630000 8806.188951
0.632000 9037.564686
0.634000 9274.229047
0.636000 9516.285018
0.638000 9763.837244
0.640000 10016.992054
0.642000 10275.857476
0.644000 10540.543267
0.646000 10811.160929
0.648000 11087.823734
0.650000 11370.646744
0.652000 11659.746835
0.654000 11955.242722
0.656000 12257.254976
0.658000 12565.906052
0.660000 12881.320313
0.662000 13203.624049
0.664000 13532.945505
0.666000 13869.414902
0.668000 14213.164463
0.670000 14564.328439
0.672000 14923.043130
0.674000 15289.446912
0.676000 15663.680263
0.678000 16045.885784
0.680000 16436.208233
0.682000 16834.794541
0.684000 17241.793845
0.686000 17657.357512
0.688000 18081.639165
0.690000 18514.794709
0.692000 18956.982362
0.694000 19408.362678
0.696000 19869.098575
0.698000 20339.355365
0.700000 20819.300781
0.702000 21309.105003
0.704000 21808.940690
0.706000 22318.983006
0.708000 22839.409650
0.710000 23370.400884
0.712000 23912.139566
0.714000 24464.811175
0.716000 25028.603844
0.718000 25603.708389
0.720000 26190.318339
0.722000 26788.629968
0.724000 27398.842327
0.726000 28021.157270
0.728000 28655.779494
0.730000 29302.916560
0.732000 29962.778936
0.734000 30635.580021
0.736000 31321.536182
0.738000 32020.866786
0.740000 32733.794230
0.742000 33460.543981
0.744000 34201.344601
0.746000 34956.427790
0.748000 35726.028413
0.750000 36510.384537
0.752000 37309.737467
0.754000 38124.331779
0.756000 38954.415358
0.758000 39800.239431
0.760000 40662.058601
0.762000 41540.130890
0.764000 42434.717769
0.766000 43346.084198
0.768000 44274.498661
0.770000 45220.233206
0.772000 46183.563480
0.774000 47164.768768
0.776000 48164.132031
0.778000 49181.939947
0.780000 50218.482944
0.782000 51274.055245
0.784000 52348.954905
0.786000 53443.483850
0.788000 54557.947918
0.790000 55692.656901
0.792000 56847.924581
0.794000 58024.068775
0.796000 59221.411378
0.798000 60440.278396
0.800000 61681.000000
0.802000 62943.910557
0.804000 64229.348680
0.806000 65537.657268
0.808000 66869.183550
0.810000 68224.279126
0.812000 69603.300015
0.814000 71006.606697
0.816000 72434.564157
0.818000 73887.541931
0.820000 75365.914150
0.822000 76870.059588
0.824000 78400.361703
0.826000 79957.208688
0.828000 81540.993518
0.830000 83152.113990
0.832000 84790.972779
0.834000 86457.977479
0.836000 88153.540653
0.838000 89878.079885
0.840000 91632.017820
0.842000 93415.782223
0.844000 95229.806021
0.846000 97074.527355
0.848000 98950.389630
0.850000 100857.841568
0.852000 102797.337253
0.854000 104769.336187
0.856000 106774.303339
0.858000 108812.709199
0.860000 110885.029827
0.862000 112991.746909
0.864000 115133.347808
0.866000 117310.325617
0.868000 119523.179213
0.870000 121772.413312
0.872000 124058.538524
0.874000 126382.071404
0.876000 128743.534512
0.878000 131143.456466
0.880000 133582.371996
0.882000 136060.822006
0.884000 138579.353626
0.886000 141138.520271
0.888000 143738.881696
0.890000 146381.004058
0.892000 149065.459972
0.894000 151792.828570
0.896000 154563.695559
0.898000 157378.653284
0.900000 160238.300781
0.902000 163143.243847
0.904000 166094.095092
0.906000 169091.474004
0.908000 172136.007012
0.910000 175228.327543
0.912000 178369.076090
0.914000 181558.900271
0.916000 184798.454894
0.918000 188088.402019
0.920000 191429.411023
0.922000 194822.158666
0.924000 198267.329152
0.926000 201765.614199
0.928000 205317.713099
0.930000 208924.332790
0.932000 212586.187920
0.934000 216304.000913
0.936000 220078.502038
0.938000 223910.429476
0.940000 227800.529389
0.942000 231749.555987
0.944000 235758.271602
0.946000 239827.446751
0.948000 243957.860211
0.950000 248150.299088
0.952000 252405.558886
0.954000 256724.443584
0.956000 261107.765701
0.958000 265556.346374
0.960000 270071.015427
0.962000 274652.611445
0.964000 279301.981852
0.966000 284019.982977
0.968000 288807.480138
0.970000 293665.347710
0.972000 298594.469202
0.974000 303595.737337
0.976000 308670.054124
0.978000 313818.330938
0.980000 319041.488595
0.982000 324340.457432
0.984000 329716.177384
0.986000 335169.598065
0.988000 340701.678846
0.990000 346313.388933
0.992000 352005.707452
0.994000 357779.623526
0.996000 363636.136358
0.998000 369576.255313
