-1.000000 0.000000
-0.998000 -0.002271
-0.996000 -0.004502
-0.994000 -0.006691
-0.992000 -0.008841
-0.990000 -0.010950
-0.988000 -0.013019
-0.986000 -0.015049
-0.984000 -0.017039
-0.982000 -0.018989
-0.980000 -0.020901
-0.978000 -0.022774
-0.976000 -0.024608
-0.974000 -0.026403
-0.972000 -0.028161
-0.970000 -0.029880
-0.968000 -0.031561
-0.966000 -0.033205
-0.964000 -0.034812
-0.962000 -0.036381
-0.960000 -0.037914
-0.958000 -0.039409
-0.956000 -0.040869
-0.954000 -0.042291
-0.952000 -0.043678
-0.950000 -0.045029
-0.948000 -0.046344
-0.946000 -0.047623
-0.944000 -0.048867
-0.942000 -0.050077
-0.940000 -0.051251
-0.938000 -0.052390
-0.936000 -0.053496
-0.934000 -0.054566
-0.932000 -0.055603
-0.930000 -0.056606
-0.928000 -0.057575
-0.926000 -0.058511
-0.924000 -0.059414
-0.922000 -0.060283
-0.920000 -0.061120
-0.918000 -0.061924
-0.916000 -0.062696
-0.914000 -0.063435
-0.912000 -0.064142
-0.910000 -0.064818
-0.908000 -0.065462
-0.906000 -0.066074
-0.904000 -0.066655
-0.902000 -0.067205
-0.900000 -0.067725
-0.898000 -0.068213
-0.896000 -0.068671
-0.894000 -0.069099
-0.892000 -0.069497
-0.890000 -0.069865
-0.888000 -0.070203
-0.886000 -0.070512
-0.884000 -0.070792
-0.882000 -0.071042
-0.880000 -0.071264
-0.878000 -0.071457
-0.876000 -0.071621
-0.874000 -0.071757
-0.872000 -0.071865
-0.870000 -0.071945
-0.868000 -0.071997
-0.866000 -0.072022
-0.864000 -0.072019
-0.862000 -0.071989
-0.860000 -0.071932
-0.858000 -0.071848
-0.856000 -0.071738
-0.854000 -0.071601
-0.852000 -0.071438
-0.850000 -0.071249
-0.848000 -0.071035
-0.846000 -0.070794
-0.844000 -0.070528
-0.842000 -0.070236
-0.840000 -0.069920
-0.838000 -0.069579
-0.836000 -0.069212
-0.834000 -0.068822
-0.832000 -0.068406
-0.830000 -0.067967
-0.828000 -0.067504
-0.826000 -0.067016
-0.824000 -0.066505
-0.822000 -0.065971
-0.820000 -0.065413
-0.818000 -0.064833
-0.816000 -0.064229
-0.814000 -0.063602
-0.812000 -0.062953
-0.810000 -0.062281
-0.808000 -0.061588
-0.806000 -0.060872
-0.804000 -0.060134
-0.802000 -0.059375
-0.800000 -0.058594
-0.798000 -0.057791
-0.796000 -0.056968
-0.794000 -0.056123
-0.792000 -0.055258
-0.790000 -0.054372
-0.788000 -0.053466
-0.786000 -0.052539
-0.784000 -0.051592
-0.782000 -0.050625
-0.780000 -0.049638
-0.778000 -0.048632
-0.776000 -0.047606
-0.774000 -0.046561
-0.772000 -0.045497
-0.770000 -0.044414
-0.768000 -0.043312
-0.766000 -0.042192
-0.764000 -0.041053
-0.762000 -0.039895
-0.760000 -0.038720
-0.758000 -0.037527
-0.756000 -0.036316
-0.754000 -0.035087
-0.752000 -0.033841
-0.750000 -0.032578
-0.748000 -0.031297
-0.746000 -0.030000
-0.744000 -0.028685
-0.742000 -0.027354
-0.740000 -0.026007
-0.738000 -0.024643
-0.736000 -0.023264
-0.734000 -0.021868
-0.732000 -0.020456
-0.730000 -0.019029
-0.728000 -0.017586
-0.726000 -0.016128
-0.724000 -0.014655
-0.722000 -0.013167
-0.720000 -0.011664
-0.718000 -0.010146
-0.716000 -0.008614
-0.714000 -0.007067
-0.712000 -0.005506
-0.710000 -0.003931
-0.708000 -0.002342
-0.706000 -0.000739
-0.704000 0.000877
-0.702000 0.002507
-0.700000 0.004150
-0.698000 0.005807
-0.696000 0.007476
-0.694000 0.009158
-0.692000 0.010853
-0.690000 0.012560
-0.688000 0.014280
-0.686000 0.016012
-0.684000 0.017756
-0.682000 0.019512
-0.680000 0.021280
-0.678000 0.023059
-0.676000 0.024850
-0.674000 0.026653
-0.672000 0.028466
-0.670000 0.030291
-0.668000 0.032126
-0.666000 0.033972
-0.664000 0.035829
-0.662000 0.037697
-0.660000 0.039574
-0.658000 0.041462
-0.656000 0.043360
-0.654000 0.045267
-0.652000 0.047185
-0.650000 0.049112
-0.648000 0.051048
-0.646000 0.052994
-0.644000 0.054949
-0.642000 0.056913
-0.640000 0.058886
-0.638000 0.060868
-0.636000 0.062858
-0.634000 0.064857
-0.632000 0.066864
-0.630000 0.068879
-0.628000 0.070903
-0.626000 0.072934
-0.624000 0.074973
-0.622000 0.077020
-0.620000 0.079074
-0.618000 0.081136
-0.616000 0.083205
-0.614000 0.085281
-0.612000 0.087364
-0.610000 0.089453
-0.608000 0.091550
-0.606000 0.093653
-0.604000 0.095762
-0.602000 0.097878
-0.600000 0.100000
-0.598000 0.102128
-0.596000 0.104262
-0.594000 0.106402
-0.592000 0.108547
-0.590000 0.110698
-0.588000 0.112854
-0.586000 0.115016
-0.584000 0.117182
-0.582000 0.119354
-0.580000 0.121530
-0.578000 0.123712
-0.576000 0.125898
-0.574000 0.128088
-0.572000 0.130283
-0.570000 0.132482
-0.568000 0.134685
-0.566000 0.136892
-0.564000 0.139103
-0.562000 0.141318
-0.560000 0.143536
-0.558000 0.145758
-0.556000 0.147983
-0.554000 0.150212
-0.552000 0.152444
-0.550000 0.154678
-0.548000 0.156916
-0.546000 0.159156
-0.544000 0.161399
-0.542000 0.163645
-0.540000 0.165893
-0.538000 0.168143
-0.536000 0.170396
-0.534000 0.172650
-0.532000 0.174907
-0.530000 0.177165
-0.528000 0.179425
-0.526000 0.181687
-0.524000 0.183950
-0.522000 0.186214
-0.520000 0.188480
-0.518000 0.190747
-0.516000 0.193015
-0.514000 0.195284
-0.512000 0.197553
-0.510000 0.199824
-0.508000 0.202094
-0.506000 0.204366
-0.504000 0.206638
-0.502000 0.208910
-0.500000 0.211182
-0.498000 0.213454
-0.496000 0.215726
-0.494000 0.217998
-0.492000 0.220269
-0.490000 0.222540
-0.488000 0.224811
-0.486000 0.227081
-0.484000 0.229350
-0.482000 0.231619
-0.480000 0.233886
-0.478000 0.236153
-0.476000 0.238418
-0.474000 0.240682
-0.472000 0.242945
-0.470000 0.245206
-0.468000 0.247466
-0.466000 0.249724
-0.464000 0.251980
-0.462000 0.254234
-0.460000 0.256487
-0.458000 0.258737
-0.456000 0.260985
-0.454000 0.263231
-0.452000 0.265474
-0.450000 0.267715
-0.448000 0.269954
-0.446000 0.272190
-0.444000 0.274423
-0.442000 0.276653
-0.440000 0.278880
-0.438000 0.281104
-0.436000 0.283325
-0.434000 0.285543
-0.432000 0.287757
-0.430000 0.289968
-0.428000 0.292176
-0.426000 0.294379
-0.424000 0.296579
-0.422000 0.298776
-0.420000 0.300968
-0.418000 0.303156
-0.416000 0.305340
-0.414000 0.307521
-0.412000 0.309696
-0.410000 0.311868
-0.408000 0.314035
-0.406000 0.316197
-0.404000 0.318355
-0.402000 0.320508
-0.400000 0.322656
-0.398000 0.324800
-0.396000 0.326938
-0.394000 0.329071
-0.392000 0.331199
-0.390000 0.333322
-0.388000 0.335440
-0.386000 0.337552
-0.384000 0.339659
-0.382000 0.341760
-0.380000 0.343855
-0.378000 0.345945
-0.376000 0.348029
-0.374000 0.350107
-0.372000 0.352179
-0.370000 0.354245
-0.368000 0.356304
-0.366000 0.358358
-0.364000 0.360405
-0.362000 0.362446
-0.360000 0.364480
-0.358000 0.366508
-0.356000 0.368529
-0.354000 0.370543
-0.352000 0.372551
-0.350000 0.374551
-0.348000 0.376545
-0.346000 0.378532
-0.344000 0.380511
-0.342000 0.382484
-0.340000 0.384449
-0.338000 0.386407
-0.336000 0.388357
-0.334000 0.390301
-0.332000 0.392236
-0.330000 0.394164
-0.328000 0.396084
-0.326000 0.397996
-0.324000 0.399901
-0.322000 0.401798
-0.320000 0.403686
-0.318000 0.405567
-0.316000 0.407439
-0.314000 0.409304
-0.312000 0.411160
-0.310000 0.413008
-0.308000 0.414847
-0.306000 0.416678
-0.304000 0.418500
-0.302000 0.420314
-0.300000 0.422119
-0.298000 0.423916
-0.296000 0.425703
-0.294000 0.427482
-0.292000 0.429252
-0.290000 0.431013
-0.288000 0.432764
-0.286000 0.434507
-0.284000 0.436241
-0.282000 0.437965
-0.280000 0.439680
-0.278000 0.441386
-0.276000 0.443082
-0.274000 0.444769
-0.272000 0.446446
-0.270000 0.448113
-0.268000 0.449771
-0.266000 0.451420
-0.264000 0.453058
-0.262000 0.454687
-0.260000 0.456305
-0.258000 0.457914
-0.256000 0.459513
-0.254000 0.461102
-0.252000 0.462680
-0.250000 0.464249
-0.248000 0.465807
-0.246000 0.467355
-0.244000 0.468892
-0.242000 0.470420
-0.240000 0.471936
-0.238000 0.473442
-0.236000 0.474938
-0.234000 0.476423
-0.232000 0.477898
-0.230000 0.479361
-0.228000 0.480814
-0.226000 0.482257
-0.224000 0.483688
-0.222000 0.485108
-0.220000 0.486518
-0.218000 0.487916
-0.216000 0.489304
-0.214000 0.490680
-0.212000 0.492045
-0.210000 0.493399
-0.208000 0.494742
-0.206000 0.496074
-0.204000 0.497394
-0.202000 0.498703
-0.200000 0.500000
-0.198000 0.501286
-0.196000 0.502560
-0.194000 0.503823
-0.192000 0.505075
-0.190000 0.506314
-0.188000 0.507542
-0.186000 0.508758
-0.184000 0.509963
-0.182000 0.511156
-0.180000 0.512337
-0.178000 0.513506
-0.176000 0.514663
-0.174000 0.515808
-0.172000 0.516941
-0.170000 0.518062
-0.168000 0.519171
-0.166000 0.520268
-0.164000 0.521353
-0.162000 0.522426
-0.160000 0.523486
-0.158000 0.524534
-0.156000 0.525570
-0.154000 0.526594
-0.152000 0.527605
-0.150000 0.528604
-0.148000 0.529591
-0.146000 0.530565
-0.144000 0.531526
-0.142000 0.532475
-0.140000 0.533412
-0.138000 0.534336
-0.136000 0.535247
-0.134000 0.536146
-0.132000 0.537032
-0.130000 0.537905
-0.128000 0.538765
-0.126000 0.539613
-0.124000 0.540448
-0.122000 0.541271
-0.120000 0.542080
-0.118000 0.542877
-0.116000 0.543660
-0.114000 0.544431
-0.112000 0.545189
-0.110000 0.545934
-0.108000 0.546666
-0.106000 0.547385
-0.104000 0.548090
-0.102000 0.548783
-0.100000 0.549463
-0.098000 0.550130
-0.096000 0.550783
-0.094000 0.551423
-0.092000 0.552051
-0.090000 0.552665
-0.088000 0.553265
-0.086000 0.553853
-0.084000 0.554427
-0.082000 0.554988
-0.080000 0.555536
-0.078000 0.556071
-0.076000 0.556592
-0.074000 0.557100
-0.072000 0.557594
-0.070000 0.558076
-0.068000 0.558543
-0.066000 0.558998
-0.064000 0.559439
-0.062000 0.559866
-0.060000 0.560280
-0.058000 0.560681
-0.056000 0.561068
-0.054000 0.561442
-0.052000 0.561802
-0.050000 0.562149
-0.048000 0.562482
-0.046000 0.562802
-0.044000 0.563108
-0.042000 0.563401
-0.040000 0.563680
-0.038000 0.563946
-0.036000 0.564198
-0.034000 0.564436
-0.032000 0.564661
-0.030000 0.564872
-0.028000 0.565070
-0.026000 0.565254
-0.024000 0.565424
-0.022000 0.565581
-0.020000 0.565724
-0.018000 0.565854
-0.016000 0.565970
-0.014000 0.566072
-0.012000 0.566161
-0.010000 0.566236
-0.008000 0.566297
-0.006000 0.566345
-0.004000 0.566379
-0.002000 0.566399
0.000000 0.566406
0.002000 0.566399
0.004000 0.566379
0.006000 0.566345
0.008000 0.566297
0.010000 0.566236
0.012000 0.566161
0.014000 0.566072
0.016000 0.565970
0.018000 0.565854
0.020000 0.565724
0.022000 0.565581
0.024000 0.565424
0.026000 0.565254
0.028000 0.565070
0.030000 0.564872
0.032000 0.564661
0.034000 0.564436
0.036000 0.564198
0.038000 0.563946
0.040000 0.563680
0.042000 0.563401
0.044000 0.563108
0.046000 0.562802
0.048000 0.562482
0.050000 0.562149
0.052000 0.561802
0.054000 0.561442
0.056000 0.561068
0.058000 0.560681
0.060000 0.560280
0.062000 0.559866
0.064000 0.559439
0.066000 0.558998
0.068000 0.558543
0.070000 0.558076
0.072000 0.557594
0.074000 0.557100
0.076000 0.556592
0.078000 0.556071
0.080000 0.555536
0.082000 0.554988
0.084000 0.554427
0.086000 0.553853
0.088000 0.553265
0.090000 0.552665
0.092000 0.552051
0.094000 0.551423
0.096000 0.550783
0.098000 0.550130
0.100000 0.549463
0.102000 0.548783
0.104000 0.548090
0.106000 0.547385
0.108000 0.546666
0.110000 0.545934
0.112000 0.545189
0.114000 0.544431
0.116000 0.543660
0.118000 0.542877
0.120000 0.542080
0.122000 0.541271
0.124000 0.540448
0.126000 0.539613
0.128000 0.538765
0.130000 0.537905
0.132000 0.537032
0.134000 0.536146
0.136000 0.535247
0.138000 0.534336
0.140000 0.533412
0.142000 0.532475
0.144000 0.531526
0.146000 0.530565
0.148000 0.529591
0.150000 0.528604
0.152000 0.527605
0.154000 0.526594
0.156000 0.525570
0.158000 0.524534
0.160000 0.523486
0.162000 0.522426
0.164000 0.521353
0.166000 0.520268
0.168000 0.519171
0.170000 0.518062
0.172000 0.516941
0.174000 0.515808
0.176000 0.514663
0.178000 0.513506
0.180000 0.512337
0.182000 0.511156
0.184000 0.509963
0.186000 0.508758
0.188000 0.507542
0.190000 0.506314
0.192000 0.505075
0.194000 0.503823
0.196000 0.502560
0.198000 0.501286
0.200000 0.500000
0.202000 0.498703
0.204000 0.497394
0.206000 0.496074
0.208000 0.494742
0.210000 0.493399
0.212000 0.492045
0.214000 0.490680
0.216000 0.489304
0.218000 0.487916
0.220000 0.486518
0.222000 0.485108
0.224000 0.483688
0.226000 0.482257
0.228000 0.480814
0.230000 0.479361
0.232000 0.477898
0.234000 0.476423
0.236000 0.474938
0.238000 0.473442
0.240000 0.471936
0.242000 0.470420
0.244000 0.468892
0.246000 0.467355
0.248000 0.465807
0.250000 0.464249
0.252000 0.462680
0.254000 0.461102
0.256000 0.459513
0.258000 0.457914
0.260000 0.456305
0.262000 0.454687
0.264000 0.453058
0.266000 0.451420
0.268000 0.449771
0.270000 0.448113
0.272000 0.446446
0.274000 0.444769
0.276000 0.443082
0.278000 0.441386
0.280000 0.439680
0.282000 0.437965
0.284000 0.436241
0.286000 0.434507
0.288000 0.432764
0.290000 0.431013
0.292000 0.429252
0.294000 0.427482
0.296000 0.425703
0.298000 0.423916
0.300000 0.422119
0.302000 0.420314
0.304000 0.418500
0.306000 0.416678
0.308000 0.414847
0.310000 0.413008
0.312000 0.411160
0.314000 0.409304
0.316000 0.407439
0.318000 0.405567
0.320000 0.403686
0.322000 0.401798
0.324000 0.399901
0.326000 0.397996
0.328000 0.396084
0.330000 0.394164
0.332000 0.392236
0.334000 0.390301
0.336000 0.388357
0.338000 0.386407
0.340000 0.384449
0.342000 0.382484
0.344000 0.380511
0.346000 0.378532
0.348000 0.376545
0.350000 0.374551
0.352000 0.372551
0.354000 0.370543
0.356000 0.368529
0.358000 0.366508
0.360000 0.364480
0.362000 0.362446
0.364000 0.360405
0.366000 0.358358
0.368000 0.356304
0.370000 0.354245
0.372000 0.352179
0.374000 0.350107
0.376000 0.348029
0.378000 0.345945
0.380000 0.343855
0.382000 0.341760
0.384000 0.339659
0.386000 0.337552
0.388000 0.335440
0.390000 0.333322
0.392000 0.331199
0.394000 0.329071
0.396000 0.326938
0.398000 0.324800
0.400000 0.322656
0.402000 0.320508
0.404000 0.318355
0.406000 0.316197
0.408000 0.314035
0.410000 0.311868
0.412000 0.309696
0.414000 0.307521
0.416000 0.305340
0.418000 0.303156
0.420000 0.300968
0.422000 0.298776
0.424000 0.296579
0.426000 0.294379
0.428000 0.292176
0.430000 0.289968
0.432000 0.287757
0.434000 0.285543
0.436000 0.283325
0.438000 0.281104
0.440000 0.278880
0.442000 0.276653
0.444000 0.274423
0.446000 0.272190
0.448000 0.269954
0.450000 0.267715
0.452000 0.265474
0.454000 0.263231
0.456000 0.260985
0.458000 0.258737
0.460000 0.256487
0.462000 0.254234
0.464000 0.251980
0.466000 0.249724
0.468000 0.247466
0.470000 0.245206
0.472000 0.242945
0.474000 0.240682
0.476000 0.238418
0.478000 0.236153
0.480000 0.233886
0.482000 0.231619
0.484000 0.229350
0.486000 0.227081
0.488000 0.224811
0.490000 0.222540
0.492000 0.220269
0.494000 0.217998
0.496000 0.215726
0.498000 0.213454
0.500000 0.211182
0.502000 0.208910
0.504000 0.206638
0.506000 0.204366
0.508000 0.202094
0.510000 0.199824
0.512000 0.197553
0.514000 0.195284
0.516000 0.193015
0.518000 0.190747
0.520000 0.188480
0.522000 0.186214
0.524000 0.183950
0.526000 0.181687
0.528000 0.179425
0.530000 0.177165
0.532000 0.174907
0.534000 0.172650
0.536000 0.170396
0.538000 0.168143
0.540000 0.165893
0.542000 0.163645
0.544000 0.161399
0.546000 0.159156
0.548000 0.156916
0.550000 0.154678
0.552000 0.152444
0.554000 0.150212
0.556000 0.147983
0.558000 0.145758
0.560000 0.143536
0.562000 0.141318
0.564000 0.139103
0.566000 0.136892
0.568000 0.134685
0.570000 0.132482
0.572000 0.130283
0.574000 0.128088
0.576000 0.125898
0.578000 0.123712
0.580000 0.121530
0.582000 0.119354
0.584000 0.117182
0.586000 0.115016
0.588000 0.112854
0.590000 0.110698
0.592000 0.108547
0.594000 0.106402
0.596000 0.104262
0.598000 0.102128
0.600000 0.100000
0.602000 0.097878
0.604000 0.095762
0.606000 0.093653
0.608000 0.091550
0.610000 0.089453
0.612000 0.087364
0.614000 0.085281
0.616000 0.083205
0.618000 0.081136
0.620000 0.079074
0.622000 0.077020
0.624000 0.074973
0.626000 0.072934
0.628000 0.070903
0.630000 0.068879
0.632000 0.066864
0.634000 0.064857
0.636000 0.062858
0.638000 0.060868
0.640000 0.058886
0.642000 0.056913
0.644000 0.054949
0.646000 0.052994
0.648000 0.051048
0.650000 0.049112
0.652000 0.047185
0.654000 0.045267
0.656000 0.043360
0.658000 0.041462
0.660000 0.039574
0.662000 0.037697
0.664000 0.035829
0.666000 0.033972
0.668000 0.032126
0.670000 0.030291
0.672000 0.028466
0.674000 0.026653
0.676000 0.024850
0.678000 0.023059
0.680000 0.021280
0.682000 0.019512
0.684000 0.017756
0.686000 0.016012
0.688000 0.014280
0.690000 0.012560
0.692000 0.010853
0.694000 0.009158
0.696000 0.007476
0.698000 0.005807
0.700000 0.004150
0.702000 0.002507
0.704000 0.000877
0.706000 -0.000739
0.708000 -0.002342
0.710000 -0.003931
0.712000 -0.005506
0.714000 -0.007067
0.716000 -0.008614
0.718000 -0.010146
0.720000 -0.011664
0.722000 -0.013167
0.724000 -0.014655
0.726000 -0.016128
0.728000 -0.017586
0.730000 -0.019029
0.732000 -0.020456
0.734000 -0.021868
0.736000 -0.023264
0.738000 -0.024643
0.740000 -0.026007
0.742000 -0.027354
0.744000 -0.028685
0.746000 -0.030000
0.748000 -0.031297
0.750000 -0.032578
0.752000 -0.033841
0.754000 -0.035087
0.756000 -0.036316
0.758000 -0.037527
0.760000 -0.038720
0.762000 -0.039895
0.764000 -0.041053
0.766000 -0.042192
0.768000 -0.043312
0.770000 -0.044414
0.772000 -0.045497
0.774000 -0.046561
0.776000 -0.047606
0.778000 -0.048632
0.780000 -0.049638
0.782000 -0.050625
0.784000 -0.051592
0.786000 -0.052539
0.788000 -0.053466
0.790000 -0.054372
0.792000 -0.055258
0.794000 -0.056123
0.796000 -0.056968
0.798000 -0.057791
0.800000 -0.058594
0.802000 -0.059375
0.804000 -0.060134
0.806000 -0.060872
0.808000 -0.061588
0.810000 -0.062281
0.812000 -0.062953
0.814000 -0.063602
0.816000 -0.064229
0.818000 -0.064833
0.820000 -0.065413
0.822000 -0.065971
0.824000 -0.066505
0.826000 -0.067016
0.828000 -0.067504
0.830000 -0.067967
0.832000 -0.068406
0.834000 -0.068822
0.836000 -0.069212
0.838000 -0.069579
0.840000 -0.069920
0.842000 -0.070236
0.844000 -0.070528
0.846000 -0.070794
0.848000 -0.071035
0.850000 -0.071249
0.852000 -0.071438
0.854000 -0.071601
0.856000 -0.071738
0.858000 -0.071848
0.860000 -0.071932
0.862000 -0.071989
0.864000 -0.072019
0.866000 -0.072022
0.868000 -0.071997
0.870000 -0.071945
0.872000 -0.071865
0.874000 -0.071757
0.876000 -0.071621
0.878000 -0.071457
0.880000 -0.071264
0.882000 -0.071042
0.884000 -0.070792
0.886000 -0.070512
0.888000 -0.070203
0.890000 -0.069865
0.892000 -0.069497
0.894000 -0.069099
0.896000 -0.068671
0.898000 -0.068213
0.900000 -0.067725
0.902000 -0.067205
0.904000 -0.066655
0.906000 -0.066074
0.908000 -0.065462
0.910000 -0.064818
0.912000 -0.064142
0.914000 -0.063435
0.916000 -0.062696
0.918000 -0.061924
0.920000 -0.061120
0.922000 -0.060283
0.924000 -0.059414
0.926000 -0.058511
0.928000 -0.057575
0.930000 -0.056606
0.932000 -0.055603
0.934000 -0.054566
0.936000 -0.053496
0.938000 -0.052390
0.940000 -0.051251
0.942000 -0.050077
0.944000 -0.048867
0.946000 -0.047623
0.948000 -0.046344
0.950000 -0.045029
0.952000 -0.043678
0.954000 -0.042291
0.956000 -0.040869
0.958000 -0.039409
0.960000 -0.037914
0.962000 -0.036381
0.964000 -0.034812
0.966000 -0.033205
0.968000 -0.031561
0.970000 -0.029880
0.972000 -0.028161
0.974000 -0.026403
0.976000 -0.024608
0.978000 -0.022774
0.980000 -0.020901
0.982000 -0.018989
0.984000 -0.017039
0.986000 -0.015049
0.988000 -0.013019
0.990000 -0.010950
0.992000 -0.008841
0.994000 -0.006691
0.996000 -0.004502
0.998000 -0.002271
