-1.000000 0.000000
-0.998000 -0.018436
-0.996000 -0.036047
-0.994000 -0.052854
-0.992000 -0.068877
-0.990000 -0.084135
-0.988000 -0.098648
-0.986000 -0.112433
-0.984000 -0.125511
-0.982000 -0.137898
-0.980000 -0.149613
-0.978000 -0.160674
-0.976000 -0.171098
-0.974000 -0.180902
-0.972000 -0.190102
-0.970000 -0.198716
-0.968000 -0.206759
-0.966000 -0.214247
-0.964000 -0.221196
-0.962000 -0.227622
-0.960000 -0.233539
-0.958000 -0.238962
-0.956000 -0.243906
-0.954000 -0.248385
-0.952000 -0.252413
-0.950000 -0.256004
-0.948000 -0.259172
-0.946000 -0.261929
-0.944000 -0.264289
-0.942000 -0.266265
-0.940000 -0.267868
-0.938000 -0.269113
-0.936000 -0.270009
-0.934000 -0.270570
-0.932000 -0.270807
-0.930000 -0.270732
-0.928000 -0.270355
-0.926000 -0.269687
-0.924000 -0.268740
-0.922000 -0.267523
-0.920000 -0.266048
-0.918000 -0.264324
-0.916000 -0.262360
-0.914000 -0.260168
-0.912000 -0.257756
-0.910000 -0.255133
-0.908000 -0.252309
-0.906000 -0.249292
-0.904000 -0.246092
-0.902000 -0.242716
-0.900000 -0.239174
-0.898000 -0.235472
-0.896000 -0.231620
-0.894000 -0.227625
-0.892000 -0.223494
-0.890000 -0.219235
-0.888000 -0.214856
-0.886000 -0.210363
-0.884000 -0.205763
-0.882000 -0.201063
-0.880000 -0.196270
-0.878000 -0.191390
-0.876000 -0.186429
-0.874000 -0.181393
-0.872000 -0.176290
-0.870000 -0.171123
-0.868000 -0.165899
-0.866000 -0.160624
-0.864000 -0.155302
-0.862000 -0.149940
-0.860000 -0.144541
-0.858000 -0.139112
-0.856000 -0.133656
-0.854000 -0.128180
-0.852000 -0.122686
-0.850000 -0.117180
-0.848000 -0.111665
-0.846000 -0.106147
-0.844000 -0.100629
-0.842000 -0.095114
-0.840000 -0.089607
-0.838000 -0.084112
-0.836000 -0.078632
-0.834000 -0.073170
-0.832000 -0.067730
-0.830000 -0.062315
-0.828000 -0.056928
-0.826000 -0.051572
-0.824000 -0.046250
-0.822000 -0.040964
-0.820000 -0.035718
-0.818000 -0.030514
-0.816000 -0.025355
-0.814000 -0.020242
-0.812000 -0.015179
-0.810000 -0.010167
-0.808000 -0.005208
-0.806000 -0.000305
-0.804000 0.004540
-0.802000 0.009326
-0.800000 0.014052
-0.798000 0.018715
-0.796000 0.023313
-0.794000 0.027846
-0.792000 0.032311
-0.790000 0.036708
-0.788000 0.041035
-0.786000 0.045292
-0.784000 0.049476
-0.782000 0.053587
-0.780000 0.057624
-0.778000 0.061586
-0.776000 0.065472
-0.774000 0.069282
-0.772000 0.073014
-0.770000 0.076668
-0.768000 0.080244
-0.766000 0.083741
-0.764000 0.087158
-0.762000 0.090496
-0.760000 0.093753
-0.758000 0.096930
-0.756000 0.100026
-0.754000 0.103042
-0.752000 0.105976
-0.750000 0.108830
-0.748000 0.111602
-0.746000 0.114293
-0.744000 0.116904
-0.742000 0.119434
-0.740000 0.121883
-0.738000 0.124251
-0.736000 0.126540
-0.734000 0.128749
-0.732000 0.130878
-0.730000 0.132929
-0.728000 0.134901
-0.726000 0.136794
-0.724000 0.138610
-0.722000 0.140349
-0.720000 0.142011
-0.718000 0.143598
-0.716000 0.145109
-0.714000 0.146546
-0.712000 0.147909
-0.710000 0.149198
-0.708000 0.150415
-0.706000 0.151561
-0.704000 0.152636
-0.702000 0.153641
-0.700000 0.154577
-0.698000 0.155445
-0.696000 0.156246
-0.694000 0.156981
-0.692000 0.157650
-0.690000 0.158255
-0.688000 0.158797
-0.686000 0.159276
-0.684000 0.159695
-0.682000 0.160053
-0.680000 0.160352
-0.678000 0.160594
-0.676000 0.160778
-0.674000 0.160907
-0.672000 0.160982
-0.670000 0.161003
-0.668000 0.160972
-0.666000 0.160890
-0.664000 0.160758
-0.662000 0.160578
-0.660000 0.160351
-0.658000 0.160077
-0.656000 0.159759
-0.654000 0.159396
-0.652000 0.158992
-0.650000 0.158546
-0.648000 0.158061
-0.646000 0.157537
-0.644000 0.156976
-0.642000 0.156379
-0.640000 0.155747
-0.638000 0.155082
-0.636000 0.154385
-0.634000 0.153657
-0.632000 0.152900
-0.630000 0.152114
-0.628000 0.151302
-0.626000 0.150464
-0.624000 0.149602
-0.622000 0.148716
-0.620000 0.147810
-0.618000 0.146882
-0.616000 0.145936
-0.614000 0.144972
-0.612000 0.143992
-0.610000 0.142996
-0.608000 0.141987
-0.606000 0.140964
-0.604000 0.139931
-0.602000 0.138888
-0.600000 0.137835
-0.598000 0.136776
-0.596000 0.135710
-0.594000 0.134639
-0.592000 0.133564
-0.590000 0.132487
-0.588000 0.131408
-0.586000 0.130329
-0.584000 0.129252
-0.582000 0.128176
-0.580000 0.127104
-0.578000 0.126037
-0.576000 0.124976
-0.574000 0.123922
-0.572000 0.122876
-0.570000 0.121839
-0.568000 0.120813
-0.566000 0.119798
-0.564000 0.118797
-0.562000 0.117808
-0.560000 0.116835
-0.558000 0.115878
-0.556000 0.114937
-0.554000 0.114015
-0.552000 0.113112
-0.550000 0.112229
-0.548000 0.111367
-0.546000 0.110527
-0.544000 0.109711
-0.542000 0.108918
-0.540000 0.108150
-0.538000 0.107409
-0.536000 0.106694
-0.534000 0.106007
-0.532000 0.105349
-0.530000 0.104721
-0.528000 0.104123
-0.526000 0.103556
-0.524000 0.103021
-0.522000 0.102520
-0.520000 0.102052
-0.518000 0.101618
-0.516000 0.101221
-0.514000 0.100859
-0.512000 0.100534
-0.510000 0.100247
-0.508000 0.099998
-0.506000 0.099787
-0.504000 0.099617
-0.502000 0.099487
-0.500000 0.099398
-0.498000 0.099351
-0.496000 0.099345
-0.494000 0.099383
-0.492000 0.099464
-0.490000 0.099589
-0.488000 0.099758
-0.486000 0.099973
-0.484000 0.100233
-0.482000 0.100539
-0.480000 0.100892
-0.478000 0.101292
-0.476000 0.101739
-0.474000 0.102234
-0.472000 0.102777
-0.470000 0.103369
-0.468000 0.104010
-0.466000 0.104700
-0.464000 0.105440
-0.462000 0.106230
-0.460000 0.107071
-0.458000 0.107962
-0.456000 0.108904
-0.454000 0.109897
-0.452000 0.110942
-0.450000 0.112039
-0.448000 0.113187
-0.446000 0.114388
-0.444000 0.115640
-0.442000 0.116945
-0.440000 0.118303
-0.438000 0.119713
-0.436000 0.121176
-0.434000 0.122692
-0.432000 0.124261
-0.430000 0.125883
-0.428000 0.127558
-0.426000 0.129286
-0.424000 0.131067
-0.422000 0.132901
-0.420000 0.134789
-0.418000 0.136729
-0.416000 0.138722
-0.414000 0.140768
-0.412000 0.142867
-0.410000 0.145018
-0.408000 0.147223
-0.406000 0.149479
-0.404000 0.151788
-0.402000 0.154149
-0.400000 0.156563
-0.398000 0.159027
-0.396000 0.161544
-0.394000 0.164112
-0.392000 0.166731
-0.390000 0.169401
-0.388000 0.172121
-0.386000 0.174892
-0.384000 0.177713
-0.382000 0.180583
-0.380000 0.183504
-0.378000 0.186473
-0.376000 0.189491
-0.374000 0.192557
-0.372000 0.195671
-0.370000 0.198833
-0.368000 0.202043
-0.366000 0.205299
-0.364000 0.208601
-0.362000 0.211950
-0.360000 0.215344
-0.358000 0.218783
-0.356000 0.222266
-0.354000 0.225794
-0.352000 0.229366
-0.350000 0.232980
-0.348000 0.236637
-0.346000 0.240336
-0.344000 0.244077
-0.342000 0.247859
-0.340000 0.251681
-0.338000 0.255543
-0.336000 0.259444
-0.334000 0.263384
-0.332000 0.267362
-0.330000 0.271378
-0.328000 0.275430
-0.326000 0.279518
-0.324000 0.283642
-0.322000 0.287801
-0.320000 0.291995
-0.318000 0.296222
-0.316000 0.300481
-0.314000 0.304773
-0.312000 0.309097
-0.310000 0.313451
-0.308000 0.317836
-0.306000 0.322250
-0.304000 0.326693
-0.302000 0.331163
-0.300000 0.335661
-0.298000 0.340186
-0.296000 0.344736
-0.294000 0.349311
-0.292000 0.353910
-0.290000 0.358533
-0.288000 0.363178
-0.286000 0.367846
-0.284000 0.372534
-0.282000 0.377243
-0.280000 0.381971
-0.278000 0.386718
-0.276000 0.391483
-0.274000 0.396265
-0.272000 0.401063
-0.270000 0.405877
-0.268000 0.410705
-0.266000 0.415547
-0.264000 0.420402
-0.262000 0.425270
-0.260000 0.430148
-0.258000 0.435037
-0.256000 0.439936
-0.254000 0.444843
-0.252000 0.449758
-0.250000 0.454680
-0.248000 0.459609
-0.246000 0.464542
-0.244000 0.469481
-0.242000 0.474422
-0.240000 0.479367
-0.238000 0.484313
-0.236000 0.489261
-0.234000 0.494208
-0.232000 0.499155
-0.230000 0.504100
-0.228000 0.509043
-0.226000 0.513982
-0.224000 0.518917
-0.222000 0.523847
-0.220000 0.528772
-0.218000 0.533689
-0.216000 0.538599
-0.214000 0.543500
-0.212000 0.548391
-0.210000 0.553273
-0.208000 0.558143
-0.206000 0.563001
-0.204000 0.567847
-0.202000 0.572678
-0.200000 0.577495
-0.198000 0.582297
-0.196000 0.587083
-0.194000 0.591851
-0.192000 0.596601
-0.190000 0.601332
-0.188000 0.606044
-0.186000 0.610736
-0.184000 0.615405
-0.182000 0.620053
-0.180000 0.624678
-0.178000 0.629279
-0.176000 0.633855
-0.174000 0.638406
-0.172000 0.642931
-0.170000 0.647428
-0.168000 0.651898
-0.166000 0.656339
-0.164000 0.660751
-0.162000 0.665132
-0.160000 0.669482
-0.158000 0.673801
-0.156000 0.678087
-0.154000 0.682339
-0.152000 0.686558
-0.150000 0.690742
-0.148000 0.694890
-0.146000 0.699002
-0.144000 0.703076
-0.142000 0.707113
-0.140000 0.711112
-0.138000 0.715071
-0.136000 0.718990
-0.134000 0.722869
-0.132000 0.726706
-0.130000 0.730502
-0.128000 0.734254
-0.126000 0.737964
-0.124000 0.741629
-0.122000 0.745250
-0.120000 0.748825
-0.118000 0.752354
-0.116000 0.755837
-0.114000 0.759273
-0.112000 0.762661
-0.110000 0.766000
-0.108000 0.769291
-0.106000 0.772531
-0.104000 0.775722
-0.102000 0.778862
-0.100000 0.781950
-0.098000 0.784987
-0.096000 0.787971
-0.094000 0.790903
-0.092000 0.793780
-0.090000 0.796604
-0.088000 0.799374
-0.086000 0.802088
-0.084000 0.804747
-0.082000 0.807350
-0.080000 0.809897
-0.078000 0.812387
-0.076000 0.814819
-0.074000 0.817194
-0.072000 0.819511
-0.070000 0.821769
-0.068000 0.823968
-0.066000 0.826108
-0.064000 0.828188
-0.062000 0.830208
-0.060000 0.832167
-0.058000 0.834066
-0.056000 0.835903
-0.054000 0.837679
-0.052000 0.839393
-0.050000 0.841046
-0.048000 0.842635
-0.046000 0.844162
-0.044000 0.845626
-0.042000 0.847027
-0.040000 0.848364
-0.038000 0.849638
-0.036000 0.850847
-0.034000 0.851993
-0.032000 0.853074
-0.030000 0.854091
-0.028000 0.855042
-0.026000 0.855929
-0.024000 0.856751
-0.022000 0.857508
-0.020000 0.858199
-0.018000 0.858825
-0.016000 0.859385
-0.014000 0.859880
-0.012000 0.860309
-0.010000 0.860672
-0.008000 0.860969
-0.006000 0.861200
-0.004000 0.861365
-0.002000 0.861464
0.000000 0.861497
0.002000 0.861464
0.004000 0.861365
0.006000 0.861200
0.008000 0.860969
0.010000 0.860672
0.012000 0.860309
0.014000 0.859880
0.016000 0.859385
0.018000 0.858825
0.020000 0.858199
0.022000 0.857508
0.024000 0.856751
0.026000 0.855929
0.028000 0.855042
0.030000 0.854091
0.032000 0.853074
0.034000 0.851993
0.036000 0.850847
0.038000 0.849638
0.040000 0.848364
0.042000 0.847027
0.044000 0.845626
0.046000 0.844162
0.048000 0.842635
0.050000 0.841046
0.052000 0.839393
0.054000 0.837679
0.056000 0.835903
0.058000 0.834066
0.060000 0.832167
0.062000 0.830208
0.064000 0.828188
0.066000 0.826108
0.068000 0.823968
0.070000 0.821769
0.072000 0.819511
0.074000 0.817194
0.076000 0.814819
0.078000 0.812387
0.080000 0.809897
0.082000 0.807350
0.084000 0.804747
0.086000 0.802088
0.088000 0.799374
0.090000 0.796604
0.092000 0.793780
0.094000 0.790903
0.096000 0.787971
0.098000 0.784987
0.100000 0.781950
0.102000 0.778862
0.104000 0.775722
0.106000 0.772531
0.108000 0.769291
0.110000 0.766000
0.112000 0.762661
0.114000 0.759273
0.116000 0.755837
0.118000 0.752354
0.120000 0.748825
0.122000 0.745250
0.124000 0.741629
0.126000 0.737964
0.128000 0.734254
0.130000 0.730502
0.132000 0.726706
0.134000 0.722869
0.136000 0.718990
0.138000 0.715071
0.140000 0.711112
0.142000 0.707113
0.144000 0.703076
0.146000 0.699002
0.148000 0.694890
0.150000 0.690742
0.152000 0.686558
0.154000 0.682339
0.156000 0.678087
0.158000 0.673801
0.160000 0.669482
0.162000 0.665132
0.164000 0.660751
0.166000 0.656339
0.168000 0.651898
0.170000 0.647428
0.172000 0.642931
0.174000 0.638406
0.176000 0.633855
0.178000 0.629279
0.180000 0.624678
0.182000 0.620053
0.184000 0.615405
0.186000 0.610736
0.188000 0.606044
0.190000 0.601332
0.192000 0.596601
0.194000 0.591851
0.196000 0.587083
0.198000 0.582297
0.200000 0.577495
0.202000 0.572678
0.204000 0.567847
0.206000 0.563001
0.208000 0.558143
0.210000 0.553273
0.212000 0.548391
0.214000 0.543500
0.216000 0.538599
0.218000 0.533689
0.220000 0.528772
0.222000 0.523847
0.224000 0.518917
0.226000 0.513982
0.228000 0.509043
0.230000 0.504100
0.232000 0.499155
0.234000 0.494208
0.236000 0.489261
0.238000 0.484313
0.240000 0.479367
0.242000 0.474422
0.244000 0.469481
0.246000 0.464542
0.248000 0.459609
0.250000 0.454680
0.252000 0.449758
0.254000 0.444843
0.256000 0.439936
0.258000 0.435037
0.260000 0.430148
0.262000 0.425270
0.264000 0.420402
0.266000 0.415547
0.268000 0.410705
0.270000 0.405877
0.272000 0.401063
0.274000 0.396265
0.276000 0.391483
0.278000 0.386718
0.280000 0.381971
0.282000 0.377243
0.284000 0.372534
0.286000 0.367846
0.288000 0.363178
0.290000 0.358533
0.292000 0.353910
0.294000 0.349311
0.296000 0.344736
0.298000 0.340186
0.300000 0.335661
0.302000 0.331163
0.304000 0.326693
0.306000 0.322250
0.308000 0.317836
0.310000 0.313451
0.312000 0.309097
0.314000 0.304773
0.316000 0.300481
0.318000 0.296222
0.320000 0.291995
0.322000 0.287801
0.324000 0.283642
0.326000 0.279518
0.328000 0.275430
0.330000 0.271378
0.332000 0.267362
0.334000 0.263384
0.336000 0.259444
0.338000 0.255543
0.340000 0.251681
0.342000 0.247859
0.344000 0.244077
0.346000 0.240336
0.348000 0.236637
0.350000 0.232980
0.352000 0.229366
0.354000 0.225794
0.356000 0.222266
0.358000 0.218783
0.360000 0.215344
0.362000 0.211950
0.364000 0.208601
0.366000 0.205299
0.368000 0.202043
0.370000 0.198833
0.372000 0.195671
0.374000 0.192557
0.376000 0.189491
0.378000 0.186473
0.380000 0.183504
0.382000 0.180583
0.384000 0.177713
0.386000 0.174892
0.388000 0.172121
0.390000 0.169401
0.392000 0.166731
0.394000 0.164112
0.396000 0.161544
0.398000 0.159027
0.400000 0.156563
0.402000 0.154149
0.404000 0.151788
0.406000 0.149479
0.408000 0.147223
0.410000 0.145018
0.412000 0.142867
0.414000 0.140768
0.416000 0.138722
0.418000 0.136729
0.420000 0.134789
0.422000 0.132901
0.424000 0.131067
0.426000 0.129286
0.428000 0.127558
0.430000 0.125883
0.432000 0.124261
0.434000 0.122692
0.436000 0.121176
0.438000 0.119713
0.440000 0.118303
0.442000 0.116945
0.444000 0.115640
0.446000 0.114388
0.448000 0.113187
0.450000 0.112039
0.452000 0.110942
0.454000 0.109897
0.456000 0.108904
0.458000 0.107962
0.460000 0.107071
0.462000 0.106230
0.464000 0.105440
0.466000 0.104700
0.468000 0.104010
0.470000 0.103369
0.472000 0.102777
0.474000 0.102234
0.476000 0.101739
0.478000 0.101292
0.480000 0.100892
0.482000 0.100539
0.484000 0.100233
0.486000 0.099973
0.488000 0.099758
0.490000 0.099589
0.492000 0.099464
0.494000 0.099383
0.496000 0.099345
0.498000 0.099351
0.500000 0.099398
0.502000 0.099487
0.504000 0.099617
0.506000 0.099787
0.508000 0.099998
0.510000 0.100247
0.512000 0.100534
0.514000 0.100859
0.516000 0.101221
0.518000 0.101618
0.520000 0.102052
0.522000 0.102520
0.524000 0.103021
0.526000 0.103556
0.528000 0.104123
0.530000 0.104721
0.532000 0.105349
0.534000 0.106007
0.536000 0.106694
0.538000 0.107409
0.540000 0.108150
0.542000 0.108918
0.544000 0.109711
0.546000 0.110527
0.548000 0.111367
0.550000 0.112229
0.552000 0.113112
0.554000 0.114015
0.556000 0.114937
0.558000 0.115878
0.560000 0.116835
0.562000 0.117808
0.564000 0.118797
0.566000 0.119798
0.568000 0.120813
0.570000 0.121839
0.572000 0.122876
0.574000 0.123922
0.576000 0.124976
0.578000 0.126037
0.580000 0.127104
0.582000 0.128176
0.584000 0.129252
0.586000 0.130329
0.588000 0.131408
0.590000 0.132487
0.592000 0.133564
0.594000 0.134639
0.596000 0.135710
0.598000 0.136776
0.600000 0.137835
0.602000 0.138888
0.604000 0.139931
0.606000 0.140964
0.608000 0.141987
0.610000 0.142996
0.612000 0.143992
0.614000 0.144972
0.616000 0.145936
0.618000 0.146882
0.620000 0.147810
0.622000 0.148716
0.624000 0.149602
0.626000 0.150464
0.628000 0.151302
0.630000 0.152114
0.632000 0.152900
0.634000 0.153657
0.636000 0.154385
0.638000 0.155082
0.640000 0.155747
0.642000 0.156379
0.644000 0.156976
0.646000 0.157537
0.648000 0.158061
0.650000 0.158546
0.652000 0.158992
0.654000 0.159396
0.656000 0.159759
0.658000 0.160077
0.660000 0.160351
0.662000 0.160578
0.664000 0.160758
0.666000 0.160890
0.668000 0.160972
0.670000 0.161003
0.672000 0.160982
0.674000 0.160907
0.676000 0.160778
0.678000 0.160594
0.680000 0.160352
0.682000 0.160053
0.684000 0.159695
0.686000 0.159276
0.688000 0.158797
0.690000 0.158255
0.692000 0.157650
0.694000 0.156981
0.696000 0.156246
0.698000 0.155445
0.700000 0.154577
0.702000 0.153641
0.704000 0.152636
0.706000 0.151561
0.708000 0.150415
0.710000 0.149198
0.712000 0.147909
0.714000 0.146546
0.716000 0.145109
0.718000 0.143598
0.720000 0.142011
0.722000 0.140349
0.724000 0.138610
0.726000 0.136794
0.728000 0.134901
0.730000 0.132929
0.732000 0.130878
0.734000 0.128749
0.736000 0.126540
0.738000 0.124251
0.740000 0.121883
0.742000 0.119434
0.744000 0.116904
0.746000 0.114293
0.748000 0.111602
0.750000 0.108830
0.752000 0.105976
0.754000 0.103042
0.756000 0.100026
0.758000 0.096930
0.760000 0.093753
0.762000 0.090496
0.764000 0.087158
0.766000 0.083741
0.768000 0.080244
0.770000 0.076668
0.772000 0.073014
0.774000 0.069282
0.776000 0.065472
0.778000 0.061586
0.780000 0.057624
0.782000 0.053587
0.784000 0.049476
0.786000 0.045292
0.788000 0.041035
0.790000 0.036708
0.792000 0.032311
0.794000 0.027846
0.796000 0.023313
0.798000 0.018715
0.800000 0.014052
0.802000 0.009326
0.804000 0.004540
0.806000 -0.000305
0.808000 -0.005208
0.810000 -0.010167
0.812000 -0.015179
0.814000 -0.020242
0.816000 -0.025355
0.818000 -0.030514
0.820000 -0.035718
0.822000 -0.040964
0.824000 -0.046250
0.826000 -0.051572
0.828000 -0.056928
0.830000 -0.062315
0.832000 -0.067730
0.834000 -0.073170
0.836000 -0.078632
0.838000 -0.084112
0.840000 -0.089607
0.842000 -0.095114
0.844000 -0.100629
0.846000 -0.106147
0.848000 -0.111665
0.850000 -0.117180
0.852000 -0.122686
0.854000 -0.128180
0.856000 -0.133656
0.858000 -0.139112
0.860000 -0.144541
0.862000 -0.149940
0.864000 -0.155302
0.866000 -0.160624
0.868000 -0.165899
0.870000 -0.171123
0.872000 -0.176290
0.874000 -0.181393
0.876000 -0.186429
0.878000 -0.191390
0.880000 -0.196270
0.882000 -0.201063
0.884000 -0.205763
0.886000 -0.210363
0.888000 -0.214856
0.890000 -0.219235
0.892000 -0.223494
0.894000 -0.227625
0.896000 -0.231620
0.898000 -0.235472
0.900000 -0.239174
0.902000 -0.242716
0.904000 -0.246092
0.906000 -0.249292
0.908000 -0.252309
0.910000 -0.255133
0.912000 -0.257756
0.914000 -0.260168
0.916000 -0.262360
0.918000 -0.264324
0.920000 -0.266048
0.922000 -0.267523
0.924000 -0.268740
0.926000 -0.269687
0.928000 -0.270355
0.930000 -0.270732
0.932000 -0.270807
0.934000 -0.270570
0.936000 -0.270009
0.938000 -0.269113
0.940000 -0.267868
0.942000 -0.266265
0.944000 -0.264289
0.946000 -0.261929
0.948000 -0.259172
0.950000 -0.256004
0.952000 -0.252413
0.954000 -0.248385
0.956000 -0.243906
0.958000 -0.238962
0.960000 -0.233539
0.962000 -0.227622
0.964000 -0.221196
0.966000 -0.214247
0.968000 -0.206759
0.970000 -0.198716
0.972000 -0.190102
0.974000 -0.180902
0.976000 -0.171098
0.978000 -0.160674
0.980000 -0.149613
0.982000 -0.137898
0.984000 -0.125511
0.986000 -0.112433
0.988000 -0.098648
0.990000 -0.084135
0.992000 -0.068877
0.994000 -0.052854
0.996000 -0.036047
0.998000 -0.018436
