-1.000000 0.000000
-0.998000 -0.113432
-0.996000 -0.218354
-0.994000 -0.315157
-0.992000 -0.404217
-0.990000 -0.485898
-0.988000 -0.560551
-0.986000 -0.628517
-0.984000 -0.690122
-0.982000 -0.745682
-0.980000 -0.795504
-0.978000 -0.839880
-0.976000 -0.879095
-0.974000 -0.913423
-0.972000 -0.943125
-0.970000 -0.968457
-0.968000 -0.989663
-0.966000 -1.006976
-0.964000 -1.020625
-0.962000 -1.030825
-0.960000 -1.037787
-0.958000 -1.041710
-0.956000 -1.042789
-0.954000 -1.041208
-0.952000 -1.037144
-0.950000 -1.030769
-0.948000 -1.022246
-0.946000 -1.011731
-0.944000 -0.999375
-0.942000 -0.985320
-0.940000 -0.969704
-0.938000 -0.952658
-0.936000 -0.934308
-0.934000 -0.914773
-0.932000 -0.894167
-0.930000 -0.872599
-0.928000 -0.850174
-0.926000 -0.826989
-0.924000 -0.803138
-0.922000 -0.778711
-0.920000 -0.753793
-0.918000 -0.728463
-0.916000 -0.702798
-0.914000 -0.676870
-0.912000 -0.650747
-0.910000 -0.624494
-0.908000 -0.598171
-0.906000 -0.571835
-0.904000 -0.545540
-0.902000 -0.519336
-0.900000 -0.493272
-0.898000 -0.467390
-0.896000 -0.441733
-0.894000 -0.416340
-0.892000 -0.391244
-0.890000 -0.366481
-0.888000 -0.342081
-0.886000 -0.318072
-0.884000 -0.294480
-0.882000 -0.271328
-0.880000 -0.248640
-0.878000 -0.226433
-0.876000 -0.204726
-0.874000 -0.183535
-0.872000 -0.162874
-0.870000 -0.142755
-0.868000 -0.123188
-0.866000 -0.104184
-0.864000 -0.085749
-0.862000 -0.067890
-0.860000 -0.050612
-0.858000 -0.033919
-0.856000 -0.017813
-0.854000 -0.002295
-0.852000 0.012635
-0.850000 0.026976
-0.848000 0.040732
-0.846000 0.053904
-0.844000 0.066497
-0.842000 0.078514
-0.840000 0.089962
-0.838000 0.100844
-0.836000 0.111169
-0.834000 0.120944
-0.832000 0.130175
-0.830000 0.138872
-0.828000 0.147043
-0.826000 0.154698
-0.824000 0.161846
-0.822000 0.168496
-0.820000 0.174661
-0.818000 0.180350
-0.816000 0.185575
-0.814000 0.190346
-0.812000 0.194676
-0.810000 0.198575
-0.808000 0.202057
-0.806000 0.205133
-0.804000 0.207815
-0.802000 0.210116
-0.800000 0.212048
-0.798000 0.213624
-0.796000 0.214855
-0.794000 0.215755
-0.792000 0.216336
-0.790000 0.216610
-0.788000 0.216590
-0.786000 0.216289
-0.784000 0.215718
-0.782000 0.214890
-0.780000 0.213818
-0.778000 0.212512
-0.776000 0.210986
-0.774000 0.209250
-0.772000 0.207317
-0.770000 0.205197
-0.768000 0.202903
-0.766000 0.200446
-0.764000 0.197835
-0.762000 0.195083
-0.760000 0.192200
-0.758000 0.189196
-0.756000 0.186081
-0.754000 0.182866
-0.752000 0.179559
-0.750000 0.176171
-0.748000 0.172711
-0.746000 0.169188
-0.744000 0.165611
-0.742000 0.161987
-0.740000 0.158327
-0.738000 0.154637
-0.736000 0.150925
-0.734000 0.147200
-0.732000 0.143468
-0.730000 0.139737
-0.728000 0.136013
-0.726000 0.132303
-0.724000 0.128614
-0.722000 0.124952
-0.720000 0.121321
-0.718000 0.117729
-0.716000 0.114180
-0.714000 0.110680
-0.712000 0.107234
-0.710000 0.103845
-0.708000 0.100519
-0.706000 0.097260
-0.704000 0.094072
-0.702000 0.090958
-0.700000 0.087922
-0.698000 0.084967
-0.696000 0.082096
-0.694000 0.079313
-0.692000 0.076620
-0.690000 0.074019
-0.688000 0.071512
-0.686000 0.069102
-0.684000 0.066790
-0.682000 0.064579
-0.680000 0.062468
-0.678000 0.060461
-0.676000 0.058557
-0.674000 0.056758
-0.672000 0.055064
-0.670000 0.053477
-0.668000 0.051996
-0.666000 0.050622
-0.664000 0.049354
-0.662000 0.048193
-0.660000 0.047139
-0.658000 0.046191
-0.656000 0.045349
-0.654000 0.044612
-0.652000 0.043980
-0.650000 0.043451
-0.648000 0.043024
-0.646000 0.042700
-0.644000 0.042476
-0.642000 0.042351
-0.640000 0.042323
-0.638000 0.042392
-0.636000 0.042556
-0.634000 0.042813
-0.632000 0.043161
-0.630000 0.043599
-0.628000 0.044125
-0.626000 0.044736
-0.624000 0.045431
-0.622000 0.046208
-0.620000 0.047064
-0.618000 0.047998
-0.616000 0.049007
-0.614000 0.050089
-0.612000 0.051242
-0.610000 0.052463
-0.608000 0.053750
-0.606000 0.055101
-0.604000 0.056513
-0.602000 0.057983
-0.600000 0.059510
-0.598000 0.061091
-0.596000 0.062724
-0.594000 0.064405
-0.592000 0.066133
-0.590000 0.067905
-0.588000 0.069718
-0.586000 0.071571
-0.584000 0.073460
-0.582000 0.075383
-0.580000 0.077338
-0.578000 0.079323
-0.576000 0.081334
-0.574000 0.083370
-0.572000 0.085429
-0.570000 0.087507
-0.568000 0.089603
-0.566000 0.091714
-0.564000 0.093838
-0.562000 0.095974
-0.560000 0.098118
-0.558000 0.100269
-0.556000 0.102425
-0.554000 0.104584
-0.552000 0.106743
-0.550000 0.108901
-0.548000 0.111055
-0.546000 0.113205
-0.544000 0.115348
-0.542000 0.117483
-0.540000 0.119608
-0.538000 0.121720
-0.536000 0.123820
-0.534000 0.125904
-0.532000 0.127973
-0.530000 0.130024
-0.528000 0.132055
-0.526000 0.134067
-0.524000 0.136057
-0.522000 0.138024
-0.520000 0.139968
-0.518000 0.141887
-0.516000 0.143780
-0.514000 0.145646
-0.512000 0.147485
-0.510000 0.149296
-0.508000 0.151078
-0.506000 0.152830
-0.504000 0.154552
-0.502000 0.156243
-0.500000 0.157903
-0.498000 0.159531
-0.496000 0.161127
-0.494000 0.162691
-0.492000 0.164223
-0.490000 0.165722
-0.488000 0.167188
-0.486000 0.168621
-0.484000 0.170022
-0.482000 0.171389
-0.480000 0.172725
-0.478000 0.174028
-0.476000 0.175298
-0.474000 0.176537
-0.472000 0.177745
-0.470000 0.178921
-0.468000 0.180067
-0.466000 0.181182
-0.464000 0.182269
-0.462000 0.183326
-0.460000 0.184355
-0.458000 0.185357
-0.456000 0.186331
-0.454000 0.187280
-0.452000 0.188204
-0.450000 0.189104
-0.448000 0.189980
-0.446000 0.190834
-0.444000 0.191667
-0.442000 0.192480
-0.440000 0.193273
-0.438000 0.194049
-0.436000 0.194808
-0.434000 0.195551
-0.432000 0.196280
-0.430000 0.196996
-0.428000 0.197700
-0.426000 0.198394
-0.424000 0.199078
-0.422000 0.199755
-0.420000 0.200425
-0.418000 0.201090
-0.416000 0.201752
-0.414000 0.202412
-0.412000 0.203071
-0.410000 0.203732
-0.408000 0.204394
-0.406000 0.205061
-0.404000 0.205733
-0.402000 0.206412
-0.400000 0.207100
-0.398000 0.207798
-0.396000 0.208507
-0.394000 0.209230
-0.392000 0.209968
-0.390000 0.210722
-0.388000 0.211494
-0.386000 0.212286
-0.384000 0.213099
-0.382000 0.213935
-0.380000 0.214795
-0.378000 0.215680
-0.376000 0.216594
-0.374000 0.217536
-0.372000 0.218509
-0.370000 0.219514
-0.368000 0.220552
-0.366000 0.221625
-0.364000 0.222735
-0.362000 0.223883
-0.360000 0.225070
-0.358000 0.226298
-0.356000 0.227569
-0.354000 0.228883
-0.352000 0.230242
-0.350000 0.231647
-0.348000 0.233100
-0.346000 0.234603
-0.344000 0.236155
-0.342000 0.237758
-0.340000 0.239415
-0.338000 0.241125
-0.336000 0.242890
-0.334000 0.244711
-0.332000 0.246590
-0.330000 0.248526
-0.328000 0.250522
-0.326000 0.252578
-0.324000 0.254696
-0.322000 0.256875
-0.320000 0.259117
-0.318000 0.261423
-0.316000 0.263794
-0.314000 0.266229
-0.312000 0.268731
-0.310000 0.271300
-0.308000 0.273935
-0.306000 0.276639
-0.304000 0.279411
-0.302000 0.282252
-0.300000 0.285163
-0.298000 0.288143
-0.296000 0.291194
-0.294000 0.294315
-0.292000 0.297507
-0.290000 0.300769
-0.288000 0.304103
-0.286000 0.307509
-0.284000 0.310986
-0.282000 0.314534
-0.280000 0.318154
-0.278000 0.321846
-0.276000 0.325608
-0.274000 0.329442
-0.272000 0.333348
-0.270000 0.337324
-0.268000 0.341370
-0.266000 0.345487
-0.264000 0.349674
-0.262000 0.353930
-0.260000 0.358256
-0.258000 0.362650
-0.256000 0.367112
-0.254000 0.371641
-0.252000 0.376237
-0.250000 0.380899
-0.248000 0.385626
-0.246000 0.390418
-0.244000 0.395274
-0.242000 0.400192
-0.240000 0.405173
-0.238000 0.410214
-0.236000 0.415316
-0.234000 0.420476
-0.232000 0.425694
-0.230000 0.430970
-0.228000 0.436300
-0.226000 0.441685
-0.224000 0.447124
-0.222000 0.452614
-0.220000 0.458154
-0.218000 0.463744
-0.216000 0.469382
-0.214000 0.475066
-0.212000 0.480795
-0.210000 0.486567
-0.208000 0.492382
-0.206000 0.498236
-0.204000 0.504129
-0.202000 0.510060
-0.200000 0.516026
-0.198000 0.522025
-0.196000 0.528057
-0.194000 0.534118
-0.192000 0.540209
-0.190000 0.546325
-0.188000 0.552467
-0.186000 0.558632
-0.184000 0.564817
-0.182000 0.571022
-0.180000 0.577244
-0.178000 0.583482
-0.176000 0.589733
-0.174000 0.595995
-0.172000 0.602266
-0.170000 0.608545
-0.168000 0.614829
-0.166000 0.621116
-0.164000 0.627404
-0.162000 0.633692
-0.160000 0.639976
-0.158000 0.646255
-0.156000 0.652527
-0.154000 0.658790
-0.152000 0.665041
-0.150000 0.671279
-0.148000 0.677500
-0.146000 0.683704
-0.144000 0.689887
-0.142000 0.696049
-0.140000 0.702186
-0.138000 0.708296
-0.136000 0.714378
-0.134000 0.720428
-0.132000 0.726446
-0.130000 0.732429
-0.128000 0.738374
-0.126000 0.744279
-0.124000 0.750144
-0.122000 0.755964
-0.120000 0.761739
-0.118000 0.767465
-0.116000 0.773142
-0.114000 0.778766
-0.112000 0.784337
-0.110000 0.789851
-0.108000 0.795307
-0.106000 0.800702
-0.104000 0.806035
-0.102000 0.811304
-0.100000 0.816507
-0.098000 0.821642
-0.096000 0.826706
-0.094000 0.831699
-0.092000 0.836618
-0.090000 0.841460
-0.088000 0.846226
-0.086000 0.850912
-0.084000 0.855517
-0.082000 0.860039
-0.080000 0.864476
-0.078000 0.868827
-0.076000 0.873091
-0.074000 0.877264
-0.072000 0.881347
-0.070000 0.885337
-0.068000 0.889232
-0.066000 0.893032
-0.064000 0.896734
-0.062000 0.900338
-0.060000 0.903842
-0.058000 0.907245
-0.056000 0.910544
-0.054000 0.913740
-0.052000 0.916831
-0.050000 0.919815
-0.048000 0.922692
-0.046000 0.925460
-0.044000 0.928118
-0.042000 0.930666
-0.040000 0.933102
-0.038000 0.935425
-0.036000 0.937634
-0.034000 0.939729
-0.032000 0.941708
-0.030000 0.943572
-0.028000 0.945319
-0.026000 0.946948
-0.024000 0.948459
-0.022000 0.949852
-0.020000 0.951125
-0.018000 0.952278
-0.016000 0.953312
-0.014000 0.954224
-0.012000 0.955016
-0.010000 0.955686
-0.008000 0.956235
-0.006000 0.956662
-0.004000 0.956968
-0.002000 0.957151
0.000000 0.957212
0.002000 0.957151
0.004000 0.956968
0.006000 0.956662
0.008000 0.956235
0.010000 0.955686
0.012000 0.955016
0.014000 0.954224
0.016000 0.953312
0.018000 0.952278
0.020000 0.951125
0.022000 0.949852
0.024000 0.948459
0.026000 0.946948
0.028000 0.945319
0.030000 0.943572
0.032000 0.941708
0.034000 0.939729
0.036000 0.937634
0.038000 0.935425
0.040000 0.933102
0.042000 0.930666
0.044000 0.928118
0.046000 0.925460
0.048000 0.922692
0.050000 0.919815
0.052000 0.916831
0.054000 0.913740
0.056000 0.910544
0.058000 0.907245
0.060000 0.903842
0.062000 0.900338
0.064000 0.896734
0.066000 0.893032
0.068000 0.889232
0.070000 0.885337
0.072000 0.881347
0.074000 0.877264
0.076000 0.873091
0.078000 0.868827
0.080000 0.864476
0.082000 0.860039
0.084000 0.855517
0.086000 0.850912
0.088000 0.846226
0.090000 0.841460
0.092000 0.836618
0.094000 0.831699
0.096000 0.826706
0.098000 0.821642
0.100000 0.816507
0.102000 0.811304
0.104000 0.806035
0.106000 0.800702
0.108000 0.795307
0.110000 0.789851
0.112000 0.784337
0.114000 0.778766
0.116000 0.773142
0.118000 0.767465
0.120000 0.761739
0.122000 0.755964
0.124000 0.750144
0.126000 0.744279
0.128000 0.738374
0.130000 0.732429
0.132000 0.726446
0.134000 0.720428
0.136000 0.714378
0.138000 0.708296
0.140000 0.702186
0.142000 0.696049
0.144000 0.689887
0.146000 0.683704
0.148000 0.677500
0.150000 0.671279
0.152000 0.665041
0.154000 0.658790
0.156000 0.652527
0.158000 0.646255
0.160000 0.639976
0.162000 0.633692
0.164000 0.627404
0.166000 0.621116
0.168000 0.614829
0.170000 0.608545
0.172000 0.602266
0.174000 0.595995
0.176000 0.589733
0.178000 0.583482
0.180000 0.577244
0.182000 0.571022
0.184000 0.564817
0.186000 0.558632
0.188000 0.552467
0.190000 0.546325
0.192000 0.540209
0.194000 0.534118
0.196000 0.528057
0.198000 0.522025
0.200000 0.516026
0.202000 0.510060
0.204000 0.504129
0.206000 0.498236
0.208000 0.492382
0.210000 0.486567
0.212000 0.480795
0.214000 0.475066
0.216000 0.469382
0.218000 0.463744
0.220000 0.458154
0.222000 0.452614
0.224000 0.447124
0.226000 0.441685
0.228000 0.436300
0.230000 0.430970
0.232000 0.425694
0.234000 0.420476
0.236000 0.415316
0.238000 0.410214
0.240000 0.405173
0.242000 0.400192
0.244000 0.395274
0.246000 0.390418
0.248000 0.385626
0.250000 0.380899
0.252000 0.376237
0.254000 0.371641
0.256000 0.367112
0.258000 0.362650
0.260000 0.358256
0.262000 0.353930
0.264000 0.349674
0.266000 0.345487
0.268000 0.341370
0.270000 0.337324
0.272000 0.333348
0.274000 0.329442
0.276000 0.325608
0.278000 0.321846
0.280000 0.318154
0.282000 0.314534
0.284000 0.310986
0.286000 0.307509
0.288000 0.304103
0.290000 0.300769
0.292000 0.297507
0.294000 0.294315
0.296000 0.291194
0.298000 0.288143
0.300000 0.285163
0.302000 0.282252
0.304000 0.279411
0.306000 0.276639
0.308000 0.273935
0.310000 0.271300
0.312000 0.268731
0.314000 0.266229
0.316000 0.263794
0.318000 0.261423
0.320000 0.259117
0.322000 0.256875
0.324000 0.254696
0.326000 0.252578
0.328000 0.250522
0.330000 0.248526
0.332000 0.246590
0.334000 0.244711
0.336000 0.242890
0.338000 0.241125
0.340000 0.239415
0.342000 0.237758
0.344000 0.236155
0.346000 0.234603
0.348000 0.233100
0.350000 0.231647
0.352000 0.230242
0.354000 0.228883
0.356000 0.227569
0.358000 0.226298
0.360000 0.225070
0.362000 0.223883
0.364000 0.222735
0.366000 0.221625
0.368000 0.220552
0.370000 0.219514
0.372000 0.218509
0.374000 0.217536
0.376000 0.216594
0.378000 0.215680
0.380000 0.214795
0.382000 0.213935
0.384000 0.213099
0.386000 0.212286
0.388000 0.211494
0.390000 0.210722
0.392000 0.209968
0.394000 0.209230
0.396000 0.208507
0.398000 0.207798
0.400000 0.207100
0.402000 0.206412
0.404000 0.205733
0.406000 0.205061
0.408000 0.204394
0.410000 0.203732
0.412000 0.203071
0.414000 0.202412
0.416000 0.201752
0.418000 0.201090
0.420000 0.200425
0.422000 0.199755
0.424000 0.199078
0.426000 0.198394
0.428000 0.197700
0.430000 0.196996
0.432000 0.196280
0.434000 0.195551
0.436000 0.194808
0.438000 0.194049
0.440000 0.193273
0.442000 0.192480
0.444000 0.191667
0.446000 0.190834
0.448000 0.189980
0.450000 0.189104
0.452000 0.188204
0.454000 0.187280
0.456000 0.186331
0.458000 0.185357
0.460000 0.184355
0.462000 0.183326
0.464000 0.182269
0.466000 0.181182
0.468000 0.180067
0.470000 0.178921
0.472000 0.177745
0.474000 0.176537
0.476000 0.175298
0.478000 0.174028
0.480000 0.172725
0.482000 0.171389
0.484000 0.170022
0.486000 0.168621
0.488000 0.167188
0.490000 0.165722
0.492000 0.164223
0.494000 0.162691
0.496000 0.161127
0.498000 0.159531
0.500000 0.157903
0.502000 0.156243
0.504000 0.154552
0.506000 0.152830
0.508000 0.151078
0.510000 0.149296
0.512000 0.147485
0.514000 0.145646
0.516000 0.143780
0.518000 0.141887
0.520000 0.139968
0.522000 0.138024
0.524000 0.136057
0.526000 0.134067
0.528000 0.132055
0.530000 0.130024
0.532000 0.127973
0.534000 0.125904
0.536000 0.123820
0.538000 0.121720
0.540000 0.119608
0.542000 0.117483
0.544000 0.115348
0.546000 0.113205
0.548000 0.111055
0.550000 0.108901
0.552000 0.106743
0.554000 0.104584
0.556000 0.102425
0.558000 0.100269
0.560000 0.098118
0.562000 0.095974
0.564000 0.093838
0.566000 0.091714
0.568000 0.089603
0.570000 0.087507
0.572000 0.085429
0.574000 0.083370
0.576000 0.081334
0.578000 0.079323
0.580000 0.077338
0.582000 0.075383
0.584000 0.073460
0.586000 0.071571
0.588000 0.069718
0.590000 0.067905
0.592000 0.066133
0.594000 0.064405
0.596000 0.062724
0.598000 0.061091
0.600000 0.059510
0.602000 0.057983
0.604000 0.056513
0.606000 0.055101
0.608000 0.053750
0.610000 0.052463
0.612000 0.051242
0.614000 0.050089
0.616000 0.049007
0.618000 0.047998
0.620000 0.047064
0.622000 0.046208
0.624000 0.045431
0.626000 0.044736
0.628000 0.044125
0.630000 0.043599
0.632000 0.043161
0.634000 0.042813
0.636000 0.042556
0.638000 0.042392
0.640000 0.042323
0.642000 0.042351
0.644000 0.042476
0.646000 0.042700
0.648000 0.043024
0.650000 0.043451
0.652000 0.043980
0.654000 0.044612
0.656000 0.045349
0.658000 0.046191
0.660000 0.047139
0.662000 0.048193
0.664000 0.049354
0.666000 0.050622
0.668000 0.051996
0.670000 0.053477
0.672000 0.055064
0.674000 0.056758
0.676000 0.058557
0.678000 0.060461
0.680000 0.062468
0.682000 0.064579
0.684000 0.066790
0.686000 0.069102
0.688000 0.071512
0.690000 0.074019
0.692000 0.076620
0.694000 0.079313
0.696000 0.082096
0.698000 0.084967
0.700000 0.087922
0.702000 0.090958
0.704000 0.094072
0.706000 0.097260
0.708000 0.100519
0.710000 0.103845
0.712000 0.107234
0.714000 0.110680
0.716000 0.114180
0.718000 0.117729
0.720000 0.121321
0.722000 0.124952
0.724000 0.128614
0.726000 0.132303
0.728000 0.136013
0.730000 0.139737
0.732000 0.143468
0.734000 0.147200
0.736000 0.150925
0.738000 0.154637
0.740000 0.158327
0.742000 0.161987
0.744000 0.165611
0.746000 0.169188
0.748000 0.172711
0.750000 0.176171
0.752000 0.179559
0.754000 0.182866
0.756000 0.186081
0.758000 0.189196
0.760000 0.192200
0.762000 0.195083
0.764000 0.197835
0.766000 0.200446
0.768000 0.202903
0.770000 0.205197
0.772000 0.207317
0.774000 0.209250
0.776000 0.210986
0.778000 0.212512
0.780000 0.213818
0.782000 0.214890
0.784000 0.215718
0.786000 0.216289
0.788000 0.216590
0.790000 0.216610
0.792000 0.216336
0.794000 0.215755
0.796000 0.214855
0.798000 0.213624
0.800000 0.212048
0.802000 0.210116
0.804000 0.207815
0.806000 0.205133
0.808000 0.202057
0.810000 0.198575
0.812000 0.194676
0.814000 0.190346
0.816000 0.185575
0.818000 0.180350
0.820000 0.174661
0.822000 0.168496
0.824000 0.161846
0.826000 0.154698
0.828000 0.147043
0.830000 0.138872
0.832000 0.130175
0.834000 0.120944
0.836000 0.111169
0.838000 0.100844
0.840000 0.089962
0.842000 0.078514
0.844000 0.066497
0.846000 0.053904
0.848000 0.040732
0.850000 0.026976
0.852000 0.012635
0.854000 -0.002295
0.856000 -0.017813
0.858000 -0.033919
0.860000 -0.050612
0.862000 -0.067890
0.864000 -0.085749
0.866000 -0.104184
0.868000 -0.123188
0.870000 -0.142755
0.872000 -0.162874
0.874000 -0.183535
0.876000 -0.204726
0.878000 -0.226433
0.880000 -0.248640
0.882000 -0.271328
0.884000 -0.294480
0.886000 -0.318072
0.888000 -0.342081
0.890000 -0.366481
0.892000 -0.391244
0.894000 -0.416340
0.896000 -0.441733
0.898000 -0.467390
0.900000 -0.493272
0.902000 -0.519336
0.904000 -0.545540
0.906000 -0.571835
0.908000 -0.598171
0.910000 -0.624494
0.912000 -0.650747
0.914000 -0.676870
0.916000 -0.702798
0.918000 -0.728463
0.920000 -0.753793
0.922000 -0.778711
0.924000 -0.803138
0.926000 -0.826989
0.928000 -0.850174
0.930000 -0.872599
0.932000 -0.894167
0.934000 -0.914773
0.936000 -0.934308
0.938000 -0.952658
0.940000 -0.969704
0.942000 -0.985320
0.944000 -0.999375
0.946000 -1.011731
0.948000 -1.022246
0.950000 -1.030769
0.952000 -1.037144
0.954000 -1.041208
0.956000 -1.042789
0.958000 -1.041710
0.960000 -1.037787
0.962000 -1.030825
0.964000 -1.020625
0.966000 -1.006976
0.968000 -0.989663
0.970000 -0.968457
0.972000 -0.943125
0.974000 -0.913423
0.976000 -0.879095
0.978000 -0.839880
0.980000 -0.795504
0.982000 -0.745682
0.984000 -0.690122
0.986000 -0.628517
0.988000 -0.560551
0.990000 -0.485898
0.992000 -0.404217
0.994000 -0.315157
0.996000 -0.218354
0.998000 -0.113432
