-1.000000 0.000000
-0.998000 -3.454455
-0.996000 -6.417281
-0.994000 -8.934272
-0.992000 -11.047877
-0.990000 -12.797401
-0.988000 -14.219202
-0.986000 -15.346872
-0.984000 -16.211408
-0.982000 -16.841378
-0.980000 -17.263076
-0.978000 -17.500670
-0.976000 -17.576338
-0.974000 -17.510398
-0.972000 -17.321439
-0.970000 -17.026428
-0.968000 -16.640831
-0.966000 -16.178708
-0.964000 -15.652815
-0.962000 -15.074699
-0.960000 -14.454780
-0.958000 -13.802438
-0.956000 -13.126084
-0.954000 -12.433240
-0.952000 -11.730601
-0.950000 -11.024103
-0.948000 -10.318979
-0.946000 -9.619819
-0.944000 -8.930621
-0.942000 -8.254840
-0.940000 -7.595433
-0.938000 -6.954907
-0.936000 -6.335353
-0.934000 -5.738488
-0.932000 -5.165686
-0.930000 -4.618016
-0.928000 -4.096267
-0.926000 -3.600979
-0.924000 -3.132468
-0.922000 -2.690851
-0.920000 -2.276068
-0.918000 -1.887901
-0.916000 -1.525998
-0.914000 -1.189885
-0.912000 -0.878984
-0.910000 -0.592631
-0.908000 -0.330085
-0.906000 -0.090544
-0.904000 0.126848
-0.902000 0.322984
-0.900000 0.498790
-0.898000 0.655215
-0.896000 0.793223
-0.894000 0.913785
-0.892000 1.017875
-0.890000 1.106464
-0.888000 1.180512
-0.886000 1.240969
-0.884000 1.288766
-0.882000 1.324815
-0.880000 1.350005
-0.878000 1.365199
-0.876000 1.371234
-0.874000 1.368916
-0.872000 1.359022
-0.870000 1.342296
-0.868000 1.319450
-0.866000 1.291165
-0.864000 1.258084
-0.862000 1.220821
-0.860000 1.179954
-0.858000 1.136029
-0.856000 1.089558
-0.854000 1.041021
-0.852000 0.990865
-0.850000 0.939507
-0.848000 0.887334
-0.846000 0.834702
-0.844000 0.781937
-0.842000 0.729341
-0.840000 0.677186
-0.838000 0.625719
-0.836000 0.575164
-0.834000 0.525718
-0.832000 0.477558
-0.830000 0.430839
-0.828000 0.385695
-0.826000 0.342243
-0.824000 0.300578
-0.822000 0.260782
-0.820000 0.222917
-0.818000 0.187034
-0.816000 0.153168
-0.814000 0.121339
-0.812000 0.091560
-0.810000 0.063829
-0.808000 0.038134
-0.806000 0.014456
-0.804000 -0.007233
-0.802000 -0.026971
-0.800000 -0.044800
-0.798000 -0.060769
-0.796000 -0.074933
-0.794000 -0.087351
-0.792000 -0.098085
-0.790000 -0.107204
-0.788000 -0.114775
-0.786000 -0.120871
-0.784000 -0.125566
-0.782000 -0.128933
-0.780000 -0.131050
-0.778000 -0.131991
-0.776000 -0.131834
-0.774000 -0.130655
-0.772000 -0.128528
-0.770000 -0.125528
-0.768000 -0.121729
-0.766000 -0.117202
-0.764000 -0.112018
-0.762000 -0.106245
-0.760000 -0.099950
-0.758000 -0.093196
-0.756000 -0.086047
-0.754000 -0.078560
-0.752000 -0.070795
-0.750000 -0.062804
-0.748000 -0.054639
-0.746000 -0.046351
-0.744000 -0.037985
-0.742000 -0.029585
-0.740000 -0.021191
-0.738000 -0.012843
-0.736000 -0.004575
-0.734000 0.003579
-0.732000 0.011590
-0.730000 0.019430
-0.728000 0.027074
-0.726000 0.034500
-0.724000 0.041687
-0.722000 0.048618
-0.720000 0.055278
-0.718000 0.061653
-0.716000 0.067732
-0.714000 0.073506
-0.712000 0.078969
-0.710000 0.084114
-0.708000 0.088938
-0.706000 0.093440
-0.704000 0.097619
-0.702000 0.101477
-0.700000 0.105015
-0.698000 0.108238
-0.696000 0.111151
-0.694000 0.113760
-0.692000 0.116072
-0.690000 0.118095
-0.688000 0.119838
-0.686000 0.121311
-0.684000 0.122523
-0.682000 0.123486
-0.680000 0.124212
-0.678000 0.124711
-0.676000 0.124996
-0.674000 0.125079
-0.672000 0.124973
-0.670000 0.124691
-0.668000 0.124246
-0.666000 0.123650
-0.664000 0.122916
-0.662000 0.122057
-0.660000 0.121086
-0.658000 0.120016
-0.656000 0.118857
-0.654000 0.117623
-0.652000 0.116326
-0.650000 0.114975
-0.648000 0.113584
-0.646000 0.112162
-0.644000 0.110720
-0.642000 0.109268
-0.640000 0.107815
-0.638000 0.106370
-0.636000 0.104941
-0.634000 0.103538
-0.632000 0.102167
-0.630000 0.100835
-0.628000 0.099550
-0.626000 0.098317
-0.624000 0.097142
-0.622000 0.096030
-0.620000 0.094986
-0.618000 0.094013
-0.616000 0.093117
-0.614000 0.092299
-0.612000 0.091563
-0.610000 0.090911
-0.608000 0.090345
-0.606000 0.089866
-0.604000 0.089476
-0.602000 0.089175
-0.600000 0.088963
-0.598000 0.088841
-0.596000 0.088808
-0.594000 0.088863
-0.592000 0.089006
-0.590000 0.089235
-0.588000 0.089548
-0.586000 0.089943
-0.584000 0.090420
-0.582000 0.090974
-0.580000 0.091604
-0.578000 0.092307
-0.576000 0.093081
-0.574000 0.093922
-0.572000 0.094827
-0.570000 0.095793
-0.568000 0.096816
-0.566000 0.097894
-0.564000 0.099023
-0.562000 0.100199
-0.560000 0.101419
-0.558000 0.102680
-0.556000 0.103978
-0.554000 0.105309
-0.552000 0.106670
-0.550000 0.108057
-0.548000 0.109468
-0.546000 0.110898
-0.544000 0.112346
-0.542000 0.113807
-0.540000 0.115278
-0.538000 0.116757
-0.536000 0.118240
-0.534000 0.119726
-0.532000 0.121211
-0.530000 0.122693
-0.528000 0.124169
-0.526000 0.125638
-0.524000 0.127098
-0.522000 0.128545
-0.520000 0.129980
-0.518000 0.131399
-0.516000 0.132802
-0.514000 0.134188
-0.512000 0.135554
-0.510000 0.136901
-0.508000 0.138227
-0.506000 0.139531
-0.504000 0.140814
-0.502000 0.142074
-0.500000 0.143311
-0.498000 0.144526
-0.496000 0.145718
-0.494000 0.146887
-0.492000 0.148034
-0.490000 0.149158
-0.488000 0.150262
-0.486000 0.151344
-0.484000 0.152406
-0.482000 0.153449
-0.480000 0.154473
-0.478000 0.155480
-0.476000 0.156471
-0.474000 0.157446
-0.472000 0.158408
-0.470000 0.159357
-0.468000 0.160295
-0.466000 0.161223
-0.464000 0.162143
-0.462000 0.163057
-0.460000 0.163965
-0.458000 0.164870
-0.456000 0.165773
-0.454000 0.166675
-0.452000 0.167579
-0.450000 0.168486
-0.448000 0.169398
-0.446000 0.170316
-0.444000 0.171242
-0.442000 0.172178
-0.440000 0.173126
-0.438000 0.174086
-0.436000 0.175060
-0.434000 0.176051
-0.432000 0.177059
-0.430000 0.178086
-0.428000 0.179134
-0.426000 0.180203
-0.424000 0.181295
-0.422000 0.182411
-0.420000 0.183553
-0.418000 0.184722
-0.416000 0.185919
-0.414000 0.187144
-0.412000 0.188399
-0.410000 0.189684
-0.408000 0.191001
-0.406000 0.192351
-0.404000 0.193733
-0.402000 0.195149
-0.400000 0.196599
-0.398000 0.198083
-0.396000 0.199603
-0.394000 0.201158
-0.392000 0.202748
-0.390000 0.204375
-0.388000 0.206038
-0.386000 0.207737
-0.384000 0.209472
-0.382000 0.211244
-0.380000 0.213052
-0.378000 0.214896
-0.376000 0.216775
-0.374000 0.218691
-0.372000 0.220642
-0.370000 0.222628
-0.368000 0.224649
-0.366000 0.226704
-0.364000 0.228794
-0.362000 0.230916
-0.360000 0.233072
-0.358000 0.235261
-0.356000 0.237481
-0.354000 0.239733
-0.352000 0.242016
-0.350000 0.244329
-0.348000 0.246672
-0.346000 0.249044
-0.344000 0.251444
-0.342000 0.253873
-0.340000 0.256329
-0.338000 0.258812
-0.336000 0.261321
-0.334000 0.263855
-0.332000 0.266415
-0.330000 0.269000
-0.328000 0.271609
-0.326000 0.274241
-0.324000 0.276897
-0.322000 0.279575
-0.320000 0.282276
-0.318000 0.285000
-0.316000 0.287745
-0.314000 0.290512
-0.312000 0.293300
-0.310000 0.296109
-0.308000 0.298939
-0.306000 0.301791
-0.304000 0.304663
-0.302000 0.307556
-0.300000 0.310471
-0.298000 0.313406
-0.296000 0.316363
-0.294000 0.319341
-0.292000 0.322342
-0.290000 0.325364
-0.288000 0.328409
-0.286000 0.331477
-0.284000 0.334568
-0.282000 0.337683
-0.280000 0.340823
-0.278000 0.343988
-0.276000 0.347178
-0.274000 0.350395
-0.272000 0.353640
-0.270000 0.356912
-0.268000 0.360214
-0.266000 0.363545
-0.264000 0.366907
-0.262000 0.370300
-0.260000 0.373727
-0.258000 0.377187
-0.256000 0.380682
-0.254000 0.384212
-0.252000 0.387780
-0.250000 0.391385
-0.248000 0.395030
-0.246000 0.398715
-0.244000 0.402441
-0.242000 0.406210
-0.240000 0.410023
-0.238000 0.413881
-0.236000 0.417784
-0.234000 0.421735
-0.232000 0.425734
-0.230000 0.429783
-0.228000 0.433882
-0.226000 0.438033
-0.224000 0.442236
-0.222000 0.446493
-0.220000 0.450805
-0.218000 0.455172
-0.216000 0.459596
-0.214000 0.464077
-0.212000 0.468616
-0.210000 0.473214
-0.208000 0.477871
-0.206000 0.482589
-0.204000 0.487368
-0.202000 0.492208
-0.200000 0.497109
-0.198000 0.502073
-0.196000 0.507099
-0.194000 0.512187
-0.192000 0.517339
-0.190000 0.522553
-0.188000 0.527830
-0.186000 0.533169
-0.184000 0.538571
-0.182000 0.544035
-0.180000 0.549560
-0.178000 0.555147
-0.176000 0.560794
-0.174000 0.566500
-0.172000 0.572266
-0.170000 0.578090
-0.168000 0.583971
-0.166000 0.589907
-0.164000 0.595898
-0.162000 0.601943
-0.160000 0.608039
-0.158000 0.614186
-0.156000 0.620381
-0.154000 0.626623
-0.152000 0.632909
-0.150000 0.639239
-0.148000 0.645609
-0.146000 0.652019
-0.144000 0.658464
-0.142000 0.664943
-0.140000 0.671453
-0.138000 0.677993
-0.136000 0.684558
-0.134000 0.691146
-0.132000 0.697755
-0.130000 0.704380
-0.128000 0.711020
-0.126000 0.717671
-0.124000 0.724330
-0.122000 0.730993
-0.120000 0.737657
-0.118000 0.744318
-0.116000 0.750974
-0.114000 0.757619
-0.112000 0.764252
-0.110000 0.770867
-0.108000 0.777461
-0.106000 0.784030
-0.104000 0.790570
-0.102000 0.797078
-0.100000 0.803549
-0.098000 0.809979
-0.096000 0.816364
-0.094000 0.822701
-0.092000 0.828984
-0.090000 0.835211
-0.088000 0.841376
-0.086000 0.847475
-0.084000 0.853506
-0.082000 0.859462
-0.080000 0.865341
-0.078000 0.871138
-0.076000 0.876850
-0.074000 0.882471
-0.072000 0.887998
-0.070000 0.893427
-0.068000 0.898754
-0.066000 0.903975
-0.064000 0.909087
-0.062000 0.914085
-0.060000 0.918966
-0.058000 0.923726
-0.056000 0.928361
-0.054000 0.932868
-0.052000 0.937243
-0.050000 0.941484
-0.048000 0.945586
-0.046000 0.949547
-0.044000 0.953364
-0.042000 0.957033
-0.040000 0.960551
-0.038000 0.963917
-0.036000 0.967126
-0.034000 0.970177
-0.032000 0.973067
-0.030000 0.975794
-0.028000 0.978356
-0.026000 0.980750
-0.024000 0.982974
-0.022000 0.985028
-0.020000 0.986908
-0.018000 0.988614
-0.016000 0.990144
-0.014000 0.991498
-0.012000 0.992673
-0.010000 0.993669
-0.008000 0.994484
-0.006000 0.995120
-0.004000 0.995574
-0.002000 0.995847
0.000000 0.995937
0.002000 0.995847
0.004000 0.995574
0.006000 0.995120
0.008000 0.994484
0.010000 0.993669
0.012000 0.992673
0.014000 0.991498
0.016000 0.990144
0.018000 0.988614
0.020000 0.986908
0.022000 0.985028
0.024000 0.982974
0.026000 0.980750
0.028000 0.978356
0.030000 0.975794
0.032000 0.973067
0.034000 0.970177
0.036000 0.967126
0.038000 0.963917
0.040000 0.960551
0.042000 0.957033
0.044000 0.953364
0.046000 0.949547
0.048000 0.945586
0.050000 0.941484
0.052000 0.937243
0.054000 0.932868
0.056000 0.928361
0.058000 0.923726
0.060000 0.918966
0.062000 0.914085
0.064000 0.909087
0.066000 0.903975
0.068000 0.898754
0.070000 0.893427
0.072000 0.887998
0.074000 0.882471
0.076000 0.876850
0.078000 0.871138
0.080000 0.865341
0.082000 0.859462
0.084000 0.853506
0.086000 0.847475
0.088000 0.841376
0.090000 0.835211
0.092000 0.828984
0.094000 0.822701
0.096000 0.816364
0.098000 0.809979
0.100000 0.803549
0.102000 0.797078
0.104000 0.790570
0.106000 0.784030
0.108000 0.777461
0.110000 0.770867
0.112000 0.764252
0.114000 0.757619
0.116000 0.750974
0.118000 0.744318
0.120000 0.737657
0.122000 0.730993
0.124000 0.724330
0.126000 0.717671
0.128000 0.711020
0.130000 0.704380
0.132000 0.697755
0.134000 0.691146
0.136000 0.684558
0.138000 0.677993
0.140000 0.671453
0.142000 0.664943
0.144000 0.658464
0.146000 0.652019
0.148000 0.645609
0.150000 0.639239
0.152000 0.632909
0.154000 0.626623
0.156000 0.620381
0.158000 0.614186
0.160000 0.608039
0.162000 0.601943
0.164000 0.595898
0.166000 0.589907
0.168000 0.583971
0.170000 0.578090
0.172000 0.572266
0.174000 0.566500
0.176000 0.560794
0.178000 0.555147
0.180000 0.549560
0.182000 0.544035
0.184000 0.538571
0.186000 0.533169
0.188000 0.527830
0.190000 0.522553
0.192000 0.517339
0.194000 0.512187
0.196000 0.507099
0.198000 0.502073
0.200000 0.497109
0.202000 0.492208
0.204000 0.487368
0.206000 0.482589
0.208000 0.477871
0.210000 0.473214
0.212000 0.468616
0.214000 0.464077
0.216000 0.459596
0.218000 0.455172
0.220000 0.450805
0.222000 0.446493
0.224000 0.442236
0.226000 0.438033
0.228000 0.433882
0.230000 0.429783
0.232000 0.425734
0.234000 0.421735
0.236000 0.417784
0.238000 0.413881
0.240000 0.410023
0.242000 0.406210
0.244000 0.402441
0.246000 0.398715
0.248000 0.395030
0.250000 0.391385
0.252000 0.387780
0.254000 0.384212
0.256000 0.380682
0.258000 0.377187
0.260000 0.373727
0.262000 0.370300
0.264000 0.366907
0.266000 0.363545
0.268000 0.360214
0.270000 0.356912
0.272000 0.353640
0.274000 0.350395
0.276000 0.347178
0.278000 0.343988
0.280000 0.340823
0.282000 0.337683
0.284000 0.334568
0.286000 0.331477
0.288000 0.328409
0.290000 0.325364
0.292000 0.322342
0.294000 0.319341
0.296000 0.316363
0.298000 0.313406
0.300000 0.310471
0.302000 0.307556
0.304000 0.304663
0.306000 0.301791
0.308000 0.298939
0.310000 0.296109
0.312000 0.293300
0.314000 0.290512
0.316000 0.287745
0.318000 0.285000
0.320000 0.282276
0.322000 0.279575
0.324000 0.276897
0.326000 0.274241
0.328000 0.271609
0.330000 0.269000
0.332000 0.266415
0.334000 0.263855
0.336000 0.261321
0.338000 0.258812
0.340000 0.256329
0.342000 0.253873
0.344000 0.251444
0.346000 0.249044
0.348000 0.246672
0.350000 0.244329
0.352000 0.242016
0.354000 0.239733
0.356000 0.237481
0.358000 0.235261
0.360000 0.233072
0.362000 0.230916
0.364000 0.228794
0.366000 0.226704
0.368000 0.224649
0.370000 0.222628
0.372000 0.220642
0.374000 0.218691
0.376000 0.216775
0.378000 0.214896
0.380000 0.213052
0.382000 0.211244
0.384000 0.209472
0.386000 0.207737
0.388000 0.206038
0.390000 0.204375
0.392000 0.202748
0.394000 0.201158
0.396000 0.199603
0.398000 0.198083
0.400000 0.196599
0.402000 0.195149
0.404000 0.193733
0.406000 0.192351
0.408000 0.191001
0.410000 0.189684
0.412000 0.188399
0.414000 0.187144
0.416000 0.185919
0.418000 0.184722
0.420000 0.183553
0.422000 0.182411
0.424000 0.181295
0.426000 0.180203
0.428000 0.179134
0.430000 0.178086
0.432000 0.177059
0.434000 0.176051
0.436000 0.175060
0.438000 0.174086
0.440000 0.173126
0.442000 0.172178
0.444000 0.171242
0.446000 0.170316
0.448000 0.169398
0.450000 0.168486
0.452000 0.167579
0.454000 0.166675
0.456000 0.165773
0.458000 0.164870
0.460000 0.163965
0.462000 0.163057
0.464000 0.162143
0.466000 0.161223
0.468000 0.160295
0.470000 0.159357
0.472000 0.158408
0.474000 0.157446
0.476000 0.156471
0.478000 0.155480
0.480000 0.154473
0.482000 0.153449
0.484000 0.152406
0.486000 0.151344
0.488000 0.150262
0.490000 0.149158
0.492000 0.148034
0.494000 0.146887
0.496000 0.145718
0.498000 0.144526
0.500000 0.143311
0.502000 0.142074
0.504000 0.140814
0.506000 0.139531
0.508000 0.138227
0.510000 0.136901
0.512000 0.135554
0.514000 0.134188
0.516000 0.132802
0.518000 0.131399
0.520000 0.129980
0.522000 0.128545
0.524000 0.127098
0.526000 0.125638
0.528000 0.124169
0.530000 0.122693
0.532000 0.121211
0.534000 0.119726
0.536000 0.118240
0.538000 0.116757
0.540000 0.115278
0.542000 0.113807
0.544000 0.112346
0.546000 0.110898
0.548000 0.109468
0.550000 0.108057
0.552000 0.106670
0.554000 0.105309
0.556000 0.103978
0.558000 0.102680
0.560000 0.101419
0.562000 0.100199
0.564000 0.099023
0.566000 0.097894
0.568000 0.096816
0.570000 0.095793
0.572000 0.094827
0.574000 0.093922
0.576000 0.093081
0.578000 0.092307
0.580000 0.091604
0.582000 0.090974
0.584000 0.090420
0.586000 0.089943
0.588000 0.089548
0.590000 0.089235
0.592000 0.089006
0.594000 0.088863
0.596000 0.088808
0.598000 0.088841
0.600000 0.088963
0.602000 0.089175
0.604000 0.089476
0.606000 0.089866
0.608000 0.090345
0.610000 0.090911
0.612000 0.091563
0.614000 0.092299
0.616000 0.093117
0.618000 0.094013
0.620000 0.094986
0.622000 0.096030
0.624000 0.097142
0.626000 0.098317
0.628000 0.099550
0.630000 0.100835
0.632000 0.102167
0.634000 0.103538
0.636000 0.104941
0.638000 0.106370
0.640000 0.107815
0.642000 0.109268
0.644000 0.110720
0.646000 0.112162
0.648000 0.113584
0.650000 0.114975
0.652000 0.116326
0.654000 0.117623
0.656000 0.118857
0.658000 0.120016
0.660000 0.121086
0.662000 0.122057
0.664000 0.122916
0.666000 0.123650
0.668000 0.124246
0.670000 0.124691
0.672000 0.124973
0.674000 0.125079
0.676000 0.124996
0.678000 0.124711
0.680000 0.124212
0.682000 0.123486
0.684000 0.122523
0.686000 0.121311
0.688000 0.119838
0.690000 0.118095
0.692000 0.116072
0.694000 0.113760
0.696000 0.111151
0.698000 0.108238
0.700000 0.105015
0.702000 0.101477
0.704000 0.097619
0.706000 0.093440
0.708000 0.088938
0.710000 0.084114
0.712000 0.078969
0.714000 0.073506
0.716000 0.067732
0.718000 0.061653
0.720000 0.055278
0.722000 0.048618
0.724000 0.041687
0.726000 0.034500
0.728000 0.027074
0.730000 0.019430
0.732000 0.011590
0.734000 0.003579
0.736000 -0.004575
0.738000 -0.012843
0.740000 -0.021191
0.742000 -0.029585
0.744000 -0.037985
0.746000 -0.046351
0.748000 -0.054639
0.750000 -0.062804
0.752000 -0.070795
0.754000 -0.078560
0.756000 -0.086047
0.758000 -0.093196
0.760000 -0.099950
0.762000 -0.106245
0.764000 -0.112018
0.766000 -0.117202
0.768000 -0.121729
0.770000 -0.125528
0.772000 -0.128528
0.774000 -0.130655
0.776000 -0.131834
0.778000 -0.131991
0.780000 -0.131050
0.782000 -0.128933
0.784000 -0.125566
0.786000 -0.120871
0.788000 -0.114775
0.790000 -0.107204
0.792000 -0.098085
0.794000 -0.087351
0.796000 -0.074933
0.798000 -0.060769
0.800000 -0.044800
0.802000 -0.026971
0.804000 -0.007233
0.806000 0.014456
0.808000 0.038134
0.810000 0.063829
0.812000 0.091560
0.814000 0.121339
0.816000 0.153168
0.818000 0.187034
0.820000 0.222917
0.822000 0.260782
0.824000 0.300578
0.826000 0.342243
0.828000 0.385695
0.830000 0.430839
0.832000 0.477558
0.834000 0.525718
0.836000 0.575164
0.838000 0.625719
0.840000 0.677186
0.842000 0.729341
0.844000 0.781937
0.846000 0.834702
0.848000 0.887334
0.850000 0.939507
0.852000 0.990865
0.854000 1.041021
0.856000 1.089558
0.858000 1.136029
0.860000 1.179954
0.862000 1.220821
0.864000 1.258084
0.866000 1.291165
0.868000 1.319450
0.870000 1.342296
0.872000 1.359022
0.874000 1.368916
0.876000 1.371234
0.878000 1.365199
0.880000 1.350005
0.882000 1.324815
0.884000 1.288766
0.886000 1.240969
0.888000 1.180512
0.890000 1.106464
0.892000 1.017875
0.894000 0.913785
0.896000 0.793223
0.898000 0.655215
0.900000 0.498790
0.902000 0.322984
0.904000 0.126848
0.906000 -0.090544
0.908000 -0.330085
0.910000 -0.592631
0.912000 -0.878984
0.914000 -1.189885
0.916000 -1.525998
0.918000 -1.887901
0.920000 -2.276068
0.922000 -2.690851
0.924000 -3.132468
0.926000 -3.600979
0.928000 -4.096267
0.930000 -4.618016
0.932000 -5.165686
0.934000 -5.738488
0.936000 -6.335353
0.938000 -6.954907
0.940000 -7.595433
0.942000 -8.254840
0.944000 -8.930621
0.946000 -9.619819
0.948000 -10.318979
0.950000 -11.024103
0.952000 -11.730601
0.954000 -12.433240
0.956000 -13.126084
0.958000 -13.802438
0.960000 -14.454780
0.962000 -15.074699
0.964000 -15.652815
0.966000 -16.178708
0.968000 -16.640831
0.970000 -17.026428
0.972000 -17.321439
0.974000 -17.510398
0.976000 -17.576338
0.978000 -17.500670
0.980000 -17.263076
0.982000 -16.841378
0.984000 -16.211408
0.986000 -15.346872
0.988000 -14.219202
0.990000 -12.797401
0.992000 -11.047877
0.994000 -8.934272
0.996000 -6.417281
0.998000 -3.454455
