-1.000000 601.000000
-0.998000 596.114880
-0.996000 591.259440
-0.994000 586.433561
-0.992000 581.637123
-0.990000 576.870006
-0.988000 572.132093
-0.986000 567.423264
-0.984000 562.743401
-0.982000 558.092386
-0.980000 553.470100
-0.978000 548.876426
-0.976000 544.311247
-0.974000 539.774446
-0.972000 535.265904
-0.970000 530.785506
-0.968000 526.333135
-0.966000 521.908675
-0.964000 517.512010
-0.962000 513.143023
-0.960000 508.801600
-0.958000 504.487625
-0.956000 500.200983
-0.954000 495.941558
-0.952000 491.709238
-0.950000 487.503906
-0.948000 483.325450
-0.946000 479.173754
-0.944000 475.048707
-0.942000 470.950193
-0.940000 466.878100
-0.938000 462.832315
-0.936000 458.812726
-0.934000 454.819219
-0.932000 450.851683
-0.930000 446.910006
-0.928000 442.994076
-0.926000 439.103782
-0.924000 435.239011
-0.922000 431.399654
-0.920000 427.585600
-0.918000 423.796738
-0.916000 420.032957
-0.914000 416.294148
-0.912000 412.580201
-0.910000 408.891006
-0.908000 405.226455
-0.906000 401.586437
-0.904000 397.970844
-0.902000 394.379568
-0.900000 390.812500
-0.898000 387.269532
-0.896000 383.750556
-0.894000 380.255465
-0.892000 376.784151
-0.890000 373.336506
-0.888000 369.912425
-0.886000 366.511800
-0.884000 363.134525
-0.882000 359.780494
-0.880000 356.449600
-0.878000 353.141738
-0.876000 349.856803
-0.874000 346.594690
-0.872000 343.355292
-0.870000 340.138506
-0.868000 336.944227
-0.866000 333.772351
-0.864000 330.622774
-0.862000 327.495391
-0.860000 324.390100
-0.858000 321.306797
-0.856000 318.245379
-0.854000 315.205742
-0.852000 312.187786
-0.850000 309.191406
-0.848000 306.216502
-0.846000 303.262970
-0.844000 300.330711
-0.842000 297.419621
-0.840000 294.529600
-0.838000 291.660547
-0.836000 288.812362
-0.834000 285.984943
-0.832000 283.178191
-0.830000 280.392006
-0.828000 277.626288
-0.826000 274.880938
-0.824000 272.155855
-0.822000 269.450942
-0.820000 266.766100
-0.818000 264.101230
-0.816000 261.456233
-0.814000 258.831012
-0.812000 256.225469
-0.810000 253.639506
-0.808000 251.073027
-0.806000 248.525933
-0.804000 245.998128
-0.802000 243.489516
-0.800000 241.000000
-0.798000 238.529484
-0.796000 236.077872
-0.794000 233.645069
-0.792000 231.230979
-0.790000 228.835506
-0.788000 226.458557
-0.786000 224.100036
-0.784000 221.759849
-0.782000 219.437902
-0.780000 217.134100
-0.778000 214.848350
-0.776000 212.580559
-0.774000 210.330634
-0.772000 208.098480
-0.770000 205.884006
-0.768000 203.687119
-0.766000 201.507727
-0.764000 199.345738
-0.762000 197.201059
-0.760000 195.073600
-0.758000 192.963269
-0.756000 190.869975
-0.754000 188.793626
-0.752000 186.734134
-0.750000 184.691406
-0.748000 182.665354
-0.746000 180.655886
-0.744000 178.662915
-0.742000 176.686349
-0.740000 174.726100
-0.738000 172.782079
-0.736000 170.854198
-0.734000 168.942367
-0.732000 167.046499
-0.730000 165.166506
-0.728000 163.302300
-0.726000 161.453794
-0.724000 159.620899
-0.722000 157.803530
-0.720000 156.001600
-0.718000 154.215022
-0.716000 152.443709
-0.714000 150.687576
-0.712000 148.946537
-0.710000 147.220506
-0.708000 145.509399
-0.706000 143.813129
-0.704000 142.131612
-0.702000 140.464764
-0.700000 138.812500
-0.698000 137.174736
-0.696000 135.551388
-0.694000 133.942373
-0.692000 132.347607
-0.690000 130.767006
-0.688000 129.200489
-0.686000 127.647972
-0.684000 126.109373
-0.682000 124.584610
-0.680000 123.073600
-0.678000 121.576262
-0.676000 120.092515
-0.674000 118.622278
-0.672000 117.165468
-0.670000 115.722006
-0.668000 114.291811
-0.666000 112.874803
-0.664000 111.470902
-0.662000 110.080027
-0.660000 108.702100
-0.658000 107.337041
-0.656000 105.984771
-0.654000 104.645210
-0.652000 103.318282
-0.650000 102.003906
-0.648000 100.702006
-0.646000 99.412502
-0.644000 98.135319
-0.642000 96.870377
-0.640000 95.617600
-0.638000 94.376911
-0.636000 93.148234
-0.634000 91.931491
-0.632000 90.726607
-0.630000 89.533506
-0.628000 88.352112
-0.626000 87.182350
-0.624000 86.024143
-0.622000 84.877418
-0.620000 83.742100
-0.618000 82.618114
-0.616000 81.505385
-0.614000 80.403840
-0.612000 79.313405
-0.610000 78.234006
-0.608000 77.165571
-0.606000 76.108025
-0.604000 75.061296
-0.602000 74.025312
-0.600000 73.000000
-0.598000 71.985288
-0.596000 70.981104
-0.594000 69.987377
-0.592000 69.004035
-0.590000 68.031006
-0.588000 67.068221
-0.586000 66.115608
-0.584000 65.173097
-0.582000 64.240618
-0.580000 63.318100
-0.578000 62.405474
-0.576000 61.502671
-0.574000 60.609622
-0.572000 59.726256
-0.570000 58.852506
-0.568000 57.988303
-0.566000 57.133579
-0.564000 56.288266
-0.562000 55.452295
-0.560000 54.625600
-0.558000 53.808113
-0.556000 52.999767
-0.554000 52.200494
-0.552000 51.410230
-0.550000 50.628906
-0.548000 49.856458
-0.546000 49.092818
-0.544000 48.337923
-0.542000 47.591705
-0.540000 46.854100
-0.538000 46.125043
-0.536000 45.404470
-0.534000 44.692315
-0.532000 43.988515
-0.530000 43.293006
-0.528000 42.605724
-0.526000 41.926606
-0.524000 41.255587
-0.522000 40.592606
-0.520000 39.937600
-0.518000 39.290506
-0.516000 38.651261
-0.514000 38.019804
-0.512000 37.396073
-0.510000 36.780006
-0.508000 36.171543
-0.506000 35.570621
-0.504000 34.977180
-0.502000 34.391160
-0.500000 33.812500
-0.498000 33.241140
-0.496000 32.677020
-0.494000 32.120081
-0.492000 31.570263
-0.490000 31.027506
-0.488000 30.491753
-0.486000 29.962944
-0.484000 29.441021
-0.482000 28.925926
-0.480000 28.417600
-0.478000 27.915986
-0.476000 27.421027
-0.474000 26.932666
-0.472000 26.450844
-0.470000 25.975506
-0.468000 25.506595
-0.466000 25.044055
-0.464000 24.587830
-0.462000 24.137863
-0.460000 23.694100
-0.458000 23.256485
-0.456000 22.824963
-0.454000 22.399478
-0.452000 21.979978
-0.450000 21.566406
-0.448000 21.158710
-0.446000 20.756834
-0.444000 20.360727
-0.442000 19.970333
-0.440000 19.585600
-0.438000 19.206475
-0.436000 18.832906
-0.434000 18.464839
-0.432000 18.102223
-0.430000 17.745006
-0.428000 17.393136
-0.426000 17.046562
-0.424000 16.705231
-0.422000 16.369094
-0.420000 16.038100
-0.418000 15.712198
-0.416000 15.391337
-0.414000 15.075468
-0.412000 14.764541
-0.410000 14.458506
-0.408000 14.157315
-0.406000 13.860917
-0.404000 13.569264
-0.402000 13.282308
-0.400000 13.000000
-0.398000 12.722292
-0.396000 12.449136
-0.394000 12.180485
-0.392000 11.916291
-0.390000 11.656506
-0.388000 11.401085
-0.386000 11.149980
-0.384000 10.903145
-0.382000 10.660534
-0.380000 10.422100
-0.378000 10.187798
-0.376000 9.957583
-0.374000 9.731410
-0.372000 9.509232
-0.370000 9.291006
-0.368000 9.076687
-0.366000 8.866231
-0.364000 8.659594
-0.362000 8.456731
-0.360000 8.257600
-0.358000 8.062157
-0.356000 7.870359
-0.354000 7.682162
-0.352000 7.497526
-0.350000 7.316406
-0.348000 7.138762
-0.346000 6.964550
-0.344000 6.793731
-0.342000 6.626261
-0.340000 6.462100
-0.338000 6.301207
-0.336000 6.143542
-0.334000 5.989063
-0.332000 5.837731
-0.330000 5.689506
-0.328000 5.544348
-0.326000 5.402218
-0.324000 5.263075
-0.322000 5.126882
-0.320000 4.993600
-0.318000 4.863190
-0.316000 4.735613
-0.314000 4.610832
-0.312000 4.488809
-0.310000 4.369506
-0.308000 4.252887
-0.306000 4.138913
-0.304000 4.027548
-0.302000 3.918756
-0.300000 3.812500
-0.298000 3.708744
-0.296000 3.607452
-0.294000 3.508589
-0.292000 3.412119
-0.290000 3.318006
-0.288000 3.226217
-0.286000 3.136716
-0.284000 3.049469
-0.282000 2.964442
-0.280000 2.881600
-0.278000 2.800910
-0.276000 2.722339
-0.274000 2.645854
-0.272000 2.571420
-0.270000 2.499006
-0.268000 2.428579
-0.266000 2.360107
-0.264000 2.293558
-0.262000 2.228899
-0.260000 2.166100
-0.258000 2.105129
-0.256000 2.045955
-0.254000 1.988546
-0.252000 1.932874
-0.250000 1.878906
-0.248000 1.826614
-0.246000 1.775966
-0.244000 1.726935
-0.242000 1.679489
-0.240000 1.633600
-0.238000 1.589239
-0.236000 1.546378
-0.234000 1.504987
-0.232000 1.465039
-0.230000 1.426506
-0.228000 1.389360
-0.226000 1.353574
-0.224000 1.319119
-0.222000 1.285970
-0.220000 1.254100
-0.218000 1.223482
-0.216000 1.194089
-0.214000 1.165896
-0.212000 1.138877
-0.210000 1.113006
-0.208000 1.088259
-0.206000 1.064609
-0.204000 1.042032
-0.202000 1.020504
-0.200000 1.000000
-0.198000 0.980496
-0.196000 0.961968
-0.194000 0.944393
-0.192000 0.927747
-0.190000 0.912006
-0.188000 0.897149
-0.186000 0.883152
-0.184000 0.869993
-0.182000 0.857650
-0.180000 0.846100
-0.178000 0.835322
-0.176000 0.825295
-0.174000 0.815998
-0.172000 0.807408
-0.170000 0.799506
-0.168000 0.792271
-0.166000 0.785683
-0.164000 0.779722
-0.162000 0.774367
-0.160000 0.769600
-0.158000 0.765401
-0.156000 0.761751
-0.154000 0.758630
-0.152000 0.756022
-0.150000 0.753906
-0.148000 0.752266
-0.146000 0.751082
-0.144000 0.750339
-0.142000 0.750017
-0.140000 0.750100
-0.138000 0.750571
-0.136000 0.751414
-0.134000 0.752611
-0.132000 0.754147
-0.130000 0.756006
-0.128000 0.758172
-0.126000 0.760630
-0.124000 0.763363
-0.122000 0.766358
-0.120000 0.769600
-0.118000 0.773074
-0.116000 0.776765
-0.114000 0.780660
-0.112000 0.784745
-0.110000 0.789006
-0.108000 0.793431
-0.106000 0.798005
-0.104000 0.802716
-0.102000 0.807552
-0.100000 0.812500
-0.098000 0.817548
-0.096000 0.822684
-0.094000 0.827897
-0.092000 0.833175
-0.090000 0.838506
-0.088000 0.843881
-0.086000 0.849288
-0.084000 0.854717
-0.082000 0.860158
-0.080000 0.865600
-0.078000 0.871034
-0.076000 0.876451
-0.074000 0.881842
-0.072000 0.887196
-0.070000 0.892506
-0.068000 0.897763
-0.066000 0.902959
-0.064000 0.908086
-0.062000 0.913135
-0.060000 0.918100
-0.058000 0.922973
-0.056000 0.927747
-0.054000 0.932414
-0.052000 0.936970
-0.050000 0.941406
-0.048000 0.945718
-0.046000 0.949898
-0.044000 0.953943
-0.042000 0.957845
-0.040000 0.961600
-0.038000 0.965203
-0.036000 0.968650
-0.034000 0.971935
-0.032000 0.975055
-0.030000 0.978006
-0.028000 0.980784
-0.026000 0.983386
-0.024000 0.985807
-0.022000 0.988046
-0.020000 0.990100
-0.018000 0.991966
-0.016000 0.993641
-0.014000 0.995124
-0.012000 0.996413
-0.010000 0.997506
-0.008000 0.998403
-0.006000 0.999101
-0.004000 0.999600
-0.002000 0.999900
0.000000 1.000000
0.002000 0.999900
0.004000 0.999600
0.006000 0.999101
0.008000 0.998403
0.010000 0.997506
0.012000 0.996413
0.014000 0.995124
0.016000 0.993641
0.018000 0.991966
0.020000 0.990100
0.022000 0.988046
0.024000 0.985807
0.026000 0.983386
0.028000 0.980784
0.030000 0.978006
0.032000 0.975055
0.034000 0.971935
0.036000 0.968650
0.038000 0.965203
0.040000 0.961600
0.042000 0.957845
0.044000 0.953943
0.046000 0.949898
0.048000 0.945718
0.050000 0.941406
0.052000 0.936970
0.054000 0.932414
0.056000 0.927747
0.058000 0.922973
0.060000 0.918100
0.062000 0.913135
0.064000 0.908086
0.066000 0.902959
0.068000 0.897763
0.070000 0.892506
0.072000 0.887196
0.074000 0.881842
0.076000 0.876451
0.078000 0.871034
0.080000 0.865600
0.082000 0.860158
0.084000 0.854717
0.086000 0.849288
0.088000 0.843881
0.090000 0.838506
0.092000 0.833175
0.094000 0.827897
0.096000 0.822684
0.098000 0.817548
0.100000 0.812500
0.102000 0.807552
0.104000 0.802716
0.106000 0.798005
0.108000 0.793431
0.110000 0.789006
0.112000 0.784745
0.114000 0.780660
0.116000 0.776765
0.118000 0.773074
0.120000 0.769600
0.122000 0.766358
0.124000 0.763363
0.126000 0.760630
0.128000 0.758172
0.130000 0.756006
0.132000 0.754147
0.134000 0.752611
0.136000 0.751414
0.138000 0.750571
0.140000 0.750100
0.142000 0.750017
0.144000 0.750339
0.146000 0.751082
0.148000 0.752266
0.150000 0.753906
0.152000 0.756022
0.154000 0.758630
0.156000 0.761751
0.158000 0.765401
0.160000 0.769600
0.162000 0.774367
0.164000 0.779722
0.166000 0.785683
0.168000 0.792271
0.170000 0.799506
0.172000 0.807408
0.174000 0.815998
0.176000 0.825295
0.178000 0.835322
0.180000 0.846100
0.182000 0.857650
0.184000 0.869993
0.186000 0.883152
0.188000 0.897149
0.190000 0.912006
0.192000 0.927747
0.194000 0.944393
0.196000 0.961968
0.198000 0.980496
0.200000 1.000000
0.202000 1.020504
0.204000 1.042032
0.206000 1.064609
0.208000 1.088259
0.210000 1.113006
0.212000 1.138877
0.214000 1.165896
0.216000 1.194089
0.218000 1.223482
0.220000 1.254100
0.222000 1.285970
0.224000 1.319119
0.226000 1.353574
0.228000 1.389360
0.230000 1.426506
0.232000 1.465039
0.234000 1.504987
0.236000 1.546378
0.238000 1.589239
0.240000 1.633600
0.242000 1.679489
0.244000 1.726935
0.246000 1.775966
0.248000 1.826614
0.250000 1.878906
0.252000 1.932874
0.254000 1.988546
0.256000 2.045955
0.258000 2.105129
0.260000 2.166100
0.262000 2.228899
0.264000 2.293558
0.266000 2.360107
0.268000 2.428579
0.270000 2.499006
0.272000 2.571420
0.274000 2.645854
0.276000 2.722339
0.278000 2.800910
0.280000 2.881600
0.282000 2.964442
0.284000 3.049469
0.286000 3.136716
0.288000 3.226217
0.290000 3.318006
0.292000 3.412119
0.294000 3.508589
0.296000 3.607452
0.298000 3.708744
0.300000 3.812500
0.302000 3.918756
0.304000 4.027548
0.306000 4.138913
0.308000 4.252887
0.310000 4.369506
0.312000 4.488809
0.314000 4.610832
0.316000 4.735613
0.318000 4.863190
0.320000 4.993600
0.322000 5.126882
0.324000 5.263075
0.326000 5.402218
0.328000 5.544348
0.330000 5.689506
0.332000 5.837731
0.334000 5.989063
0.336000 6.143542
0.338000 6.301207
0.340000 6.462100
0.342000 6.626261
0.344000 6.793731
0.346000 6.964550
0.348000 7.138762
0.350000 7.316406
0.352000 7.497526
0.354000 7.682162
0.356000 7.870359
0.358000 8.062157
0.360000 8.257600
0.362000 8.456731
0.364000 8.659594
0.366000 8.866231
0.368000 9.076687
0.370000 9.291006
0.372000 9.509232
0.374000 9.731410
0.376000 9.957583
0.378000 10.187798
0.380000 10.422100
0.382000 10.660534
0.384000 10.903145
0.386000 11.149980
0.388000 11.401085
0.390000 11.656506
0.392000 11.916291
0.394000 12.180485
0.396000 12.449136
0.398000 12.722292
0.400000 13.000000
0.402000 13.282308
0.404000 13.569264
0.406000 13.860917
0.408000 14.157315
0.410000 14.458506
0.412000 14.764541
0.414000 15.075468
0.416000 15.391337
0.418000 15.712198
0.420000 16.038100
0.422000 16.369094
0.424000 16.705231
0.426000 17.046562
0.428000 17.393136
0.430000 17.745006
0.432000 18.102223
0.434000 18.464839
0.436000 18.832906
0.438000 19.206475
0.440000 19.585600
0.442000 19.970333
0.444000 20.360727
0.446000 20.756834
0.448000 21.158710
0.450000 21.566406
0.452000 21.979978
0.454000 22.399478
0.456000 22.824963
0.458000 23.256485
0.460000 23.694100
0.462000 24.137863
0.464000 24.587830
0.466000 25.044055
0.468000 25.506595
0.470000 25.975506
0.472000 26.450844
0.474000 26.932666
0.476000 27.421027
0.478000 27.915986
0.480000 28.417600
0.482000 28.925926
0.484000 29.441021
0.486000 29.962944
0.488000 30.491753
0.490000 31.027506
0.492000 31.570263
0.494000 32.120081
0.496000 32.677020
0.498000 33.241140
0.500000 33.812500
0.502000 34.391160
0.504000 34.977180
0.506000 35.570621
0.508000 36.171543
0.510000 36.780006
0.512000 37.396073
0.514000 38.019804
0.516000 38.651261
0.518000 39.290506
0.520000 39.937600
0.522000 40.592606
0.524000 41.255587
0.526000 41.926606
0.528000 42.605724
0.530000 43.293006
0.532000 43.988515
0.534000 44.692315
0.536000 45.404470
0.538000 46.125043
0.540000 46.854100
0.542000 47.591705
0.544000 48.337923
0.546000 49.092818
0.548000 49.856458
0.550000 50.628906
0.552000 51.410230
0.554000 52.200494
0.556000 52.999767
0.558000 53.808113
0.560000 54.625600
0.562000 55.452295
0.564000 56.288266
0.566000 57.133579
0.568000 57.988303
0.570000 58.852506
0.572000 59.726256
0.574000 60.609622
0.576000 61.502671
0.578000 62.405474
0.580000 63.318100
0.582000 64.240618
0.584000 65.173097
0.586000 66.115608
0.588000 67.068221
0.590000 68.031006
0.592000 69.004035
0.594000 69.987377
0.596000 70.981104
0.598000 71.985288
0.600000 73.000000
0.602000 74.025312
0.604000 75.061296
0.606000 76.108025
0.608000 77.165571
0.610000 78.234006
0.612000 79.313405
0.614000 80.403840
0.616000 81.505385
0.618000 82.618114
0.620000 83.742100
0.622000 84.877418
0.624000 86.024143
0.626000 87.182350
0.628000 88.352112
0.630000 89.533506
0.632000 90.726607
0.634000 91.931491
0.636000 93.148234
0.638000 94.376911
0.640000 95.617600
0.642000 96.870377
0.644000 98.135319
0.646000 99.412502
0.648000 100.702006
0.650000 102.003906
0.652000 103.318282
0.654000 104.645210
0.656000 105.984771
0.658000 107.337041
0.660000 108.702100
0.662000 110.080027
0.664000 111.470902
0.666000 112.874803
0.668000 114.291811
0.670000 115.722006
0.672000 117.165468
0.674000 118.622278
0.676000 120.092515
0.678000 121.576262
0.680000 123.073600
0.682000 124.584610
0.684000 126.109373
0.686000 127.647972
0.688000 129.200489
0.690000 130.767006
0.692000 132.347607
0.694000 133.942373
0.696000 135.551388
0.698000 137.174736
0.700000 138.812500
0.702000 140.464764
0.704000 142.131612
0.706000 143.813129
0.708000 145.509399
0.710000 147.220506
0.712000 148.946537
0.714000 150.687576
0.716000 152.443709
0.718000 154.215022
0.720000 156.001600
0.722000 157.803530
0.724000 159.620899
0.726000 161.453794
0.728000 163.302300
0.730000 165.166506
0.732000 167.046499
0.734000 168.942367
0.736000 170.854198
0.738000 172.782079
0.740000 174.726100
0.742000 176.686349
0.744000 178.662915
0.746000 180.655886
0.748000 182.665354
0.750000 184.691406
0.752000 186.734134
0.754000 188.793626
0.756000 190.869975
0.758000 192.963269
0.760000 195.073600
0.762000 197.201059
0.764000 199.345738
0.766000 201.507727
0.768000 203.687119
0.770000 205.884006
0.772000 208.098480
0.774000 210.330634
0.776000 212.580559
0.778000 214.848350
0.780000 217.134100
0.782000 219.437902
0.784000 221.759849
0.786000 224.100036
0.788000 226.458557
0.790000 228.835506
0.792000 231.230979
0.794000 233.645069
0.796000 236.077872
0.798000 238.529484
0.800000 241.000000
0.802000 243.489516
0.804000 245.998128
0.806000 248.525933
0.808000 251.073027
0.810000 253.639506
0.812000 256.225469
0.814000 258.831012
0.816000 261.456233
0.818000 264.101230
0.820000 266.766100
0.822000 269.450942
0.824000 272.155855
0.826000 274.880938
0.828000 277.626288
0.830000 280.392006
0.832000 283.178191
0.834000 285.984943
0.836000 288.812362
0.838000 291.660547
0.840000 294.529600
0.842000 297.419621
0.844000 300.330711
0.846000 303.262970
0.848000 306.216502
0.850000 309.191406
0.852000 312.187786
0.854000 315.205742
0.856000 318.245379
0.858000 321.306797
0.860000 324.390100
0.862000 327.495391
0.864000 330.622774
0.866000 333.772351
0.868000 336.944227
0.870000 340.138506
0.872000 343.355292
0.874000 346.594690
0.876000 349.856803
0.878000 353.141738
0.880000 356.449600
0.882000 359.780494
0.884000 363.134525
0.886000 366.511800
0.888000 369.912425
0.890000 373.336506
0.892000 376.784151
0.894000 380.255465
0.896000 383.750556
0.898000 387.269532
0.900000 390.812500
0.902000 394.379568
0.904000 397.970844
0.906000 401.586437
0.908000 405.226455
0.910000 408.891006
0.912000 412.580201
0.914000 416.294148
0.916000 420.032957
0.918000 423.796738
0.920000 427.585600
0.922000 431.399654
0.924000 435.239011
0.926000 439.103782
0.928000 442.994076
0.930000 446.910006
0.932000 450.851683
0.934000 454.819219
0.936000 458.812726
0.938000 462.832315
0.940000 466.878100
0.942000 470.950193
0.944000 475.048707
0.946000 479.173754
0.948000 483.325450
0.950000 487.503906
0.952000 491.709238
0.954000 495.941558
0.956000 500.200983
0.958000 504.487625
0.960000 508.801600
0.962000 513.143023
0.964000 517.512010
0.966000 521.908675
0.968000 526.333135
0.970000 530.785506
0.972000 535.265904
0.974000 539.774446
0.976000 544.311247
0.978000 548.876426
0.980000 553.470100
0.982000 558.092386
0.984000 562.743401
0.986000 567.423264
0.988000 572.132093
0.990000 576.870006
0.992000 581.637123
0.994000 586.433561
0.996000 591.259440
0.998000 596.114880
