-1.000000 234750601.000000
-0.998000 229142790.650000
-0.996000 223657960.104290
-0.994000 218293653.987756
-0.992000 213047461.110289
-0.990000 207917013.758996
-0.988000 202899987.000343
-0.986000 197994097.992119
-0.984000 193197105.305085
-0.982000 188506808.254217
-0.980000 183921046.239400
-0.978000 179437698.095477
-0.976000 175054681.451529
-0.974000 170769952.099283
-0.972000 166581503.370523
-0.970000 162487365.523403
-0.968000 158485605.137556
-0.966000 154574324.517880
-0.964000 150751661.106902
-0.962000 147015786.905611
-0.960000 143364907.902660
-0.958000 139797263.511822
-0.956000 136311126.017613
-0.954000 132904800.028967
-0.952000 129576621.940870
-0.950000 126324959.403849
-0.948000 123148210.801221
-0.946000 120044804.734008
-0.944000 117013199.513405
-0.942000 114051882.660733
-0.940000 111159370.414754
-0.938000 108334207.246278
-0.936000 105574965.379950
-0.934000 102880244.323145
-0.932000 100248670.401862
-0.930000 97678896.303542
-0.928000 95169600.626714
-0.926000 92719487.437379
-0.924000 90327285.832060
-0.922000 87991749.507407
-0.920000 85711656.336301
-0.918000 83485807.950348
-0.916000 81313029.328700
-0.914000 79192168.393107
-0.912000 77122095.609120
-0.910000 75101703.593383
-0.908000 73129906.726899
-0.906000 71205640.774234
-0.904000 69327862.508542
-0.902000 67495549.342365
-0.900000 65707698.964111
-0.898000 63963328.980146
-0.896000 62261476.562422
-0.894000 60601198.101567
-0.892000 58981568.865369
-0.890000 57401682.662572
-0.888000 55860651.511925
-0.886000 54357605.316404
-0.884000 52891691.542545
-0.882000 51462074.904809
-0.880000 50067937.054932
-0.878000 48708476.276157
-0.876000 47382907.182326
-0.874000 46090460.421722
-0.872000 44830382.385639
-0.870000 43601934.921574
-0.868000 42404395.051010
-0.866000 41237054.691715
-0.864000 40099220.384485
-0.862000 38990213.024293
-0.860000 37909367.595761
-0.858000 36856032.912905
-0.856000 35829571.363096
-0.854000 34829358.655176
-0.852000 33854783.571662
-0.850000 32905247.725001
-0.848000 31980165.317803
-0.846000 31078962.906995
-0.844000 30201079.171854
-0.842000 29345964.685858
-0.840000 28513081.692292
-0.838000 27701903.883573
-0.836000 26911916.184226
-0.834000 26142614.537468
-0.832000 25393505.695346
-0.830000 24664107.012374
-0.828000 23953946.242631
-0.826000 23262561.340253
-0.824000 22589500.263285
-0.822000 21934320.780838
-0.820000 21296590.283501
-0.818000 20675885.596967
-0.816000 20071792.798820
-0.814000 19483907.038446
-0.812000 18911832.360009
-0.810000 18355181.528454
-0.808000 17813575.858505
-0.806000 17286645.046585
-0.804000 16774027.005644
-0.802000 16275367.702834
-0.800000 15790321.000000
-0.798000 15318548.496930
-0.796000 14859719.377343
-0.794000 14413510.257558
-0.792000 13979605.037810
-0.790000 13557694.756174
-0.788000 13147477.445056
-0.786000 12748657.990213
-0.784000 12360947.992261
-0.782000 11984065.630643
-0.780000 11617735.530001
-0.778000 11261688.628939
-0.776000 10915662.051119
-0.774000 10579398.978666
-0.772000 10252648.527848
-0.770000 9935165.626987
-0.768000 9626710.896573
-0.766000 9327050.531543
-0.764000 9035956.185704
-0.762000 8753204.858239
-0.760000 8478578.782297
-0.758000 8211865.315612
-0.756000 7952856.833122
-0.754000 7701350.621565
-0.752000 7457148.776016
-0.750000 7220058.098331
-0.748000 6989889.997470
-0.746000 6766460.391679
-0.744000 6549589.612480
-0.742000 6339102.310462
-0.740000 6134827.362828
-0.738000 5936597.782686
-0.736000 5744250.630032
-0.734000 5557626.924427
-0.732000 5376571.559317
-0.730000 5200933.217978
-0.728000 5030564.291065
-0.726000 4865320.795727
-0.724000 4705062.296271
-0.722000 4549651.826353
-0.720000 4398955.812654
-0.718000 4252844.000034
-0.716000 4111189.378138
-0.714000 3973868.109413
-0.712000 3840759.458535
-0.710000 3711745.723208
-0.708000 3586712.166314
-0.706000 3465546.949399
-0.704000 3348141.067460
-0.702000 3234388.285024
-0.700000 3124185.073486
-0.698000 3017430.549695
-0.696000 2914026.415754
-0.694000 2813876.900030
-0.692000 2716888.699336
-0.690000 2622970.922276
-0.688000 2532035.033732
-0.686000 2443994.800465
-0.684000 2358766.237822
-0.682000 2276267.557526
-0.680000 2196419.116520
-0.678000 2119143.366866
-0.676000 2044364.806661
-0.674000 1972009.931968
-0.672000 1902007.189731
-0.670000 1834286.931665
-0.668000 1768781.369104
-0.666000 1705424.528781
-0.664000 1644152.209539
-0.662000 1584901.939934
-0.660000 1527612.936740
-0.658000 1472226.064319
-0.656000 1418683.794849
-0.654000 1366930.169396
-0.652000 1316910.759813
-0.650000 1268572.631441
-0.648000 1221864.306622
-0.646000 1176735.728980
-0.644000 1133138.228474
-0.642000 1091024.487209
-0.640000 1050348.505976
-0.638000 1011065.571532
-0.636000 973132.224574
-0.634000 936506.228428
-0.632000 901146.538415
-0.630000 867013.271892
-0.628000 834067.678952
-0.626000 802272.113775
-0.624000 771590.006606
-0.622000 741985.836370
-0.620000 713425.103884
-0.618000 685874.305676
-0.616000 659300.908393
-0.614000 633673.323782
-0.612000 608960.884238
-0.610000 585133.818907
-0.608000 562163.230332
-0.606000 540021.071636
-0.604000 518680.124216
-0.602000 498113.975969
-0.600000 478297.000000
-0.598000 459204.333835
-0.596000 440811.859113
-0.594000 423096.181751
-0.592000 406034.612571
-0.590000 389605.148385
-0.588000 373786.453521
-0.586000 358557.841787
-0.584000 343899.258863
-0.582000 329791.265108
-0.580000 316215.018784
-0.578000 303152.259673
-0.576000 290585.293093
-0.574000 278496.974298
-0.572000 266870.693255
-0.570000 255690.359790
-0.568000 244940.389097
-0.566000 234605.687597
-0.564000 224671.639154
-0.562000 215124.091616
-0.560000 205949.343699
-0.558000 197134.132194
-0.556000 188665.619490
-0.554000 180531.381410
-0.552000 172719.395349
-0.550000 165218.028717
-0.548000 158016.027668
-0.546000 151102.506115
-0.544000 144466.935026
-0.542000 138099.131992
-0.540000 131989.251063
-0.538000 126127.772848
-0.536000 120505.494861
-0.534000 115113.522129
-0.532000 109943.258038
-0.530000 104986.395414
-0.528000 100234.907851
-0.526000 95681.041248
-0.524000 91317.305587
-0.522000 87136.466919
-0.520000 83131.539566
-0.518000 79295.778530
-0.516000 75622.672107
-0.514000 72105.934700
-0.512000 68739.499822
-0.510000 65517.513296
-0.508000 62434.326636
-0.506000 59484.490603
-0.504000 56662.748951
-0.502000 53964.032336
-0.500000 51383.452393
-0.498000 48916.295983
-0.496000 46558.019599
-0.494000 44304.243921
-0.492000 42150.748538
-0.490000 40093.466806
-0.488000 38128.480858
-0.486000 36252.016756
-0.484000 34460.439781
-0.482000 32750.249857
-0.480000 31118.077105
-0.478000 29560.677534
-0.476000 28074.928846
-0.474000 26657.826371
-0.472000 25306.479120
-0.470000 24018.105950
-0.468000 22790.031851
-0.466000 21619.684331
-0.464000 20504.589920
-0.462000 19442.370773
-0.460000 18430.741374
-0.458000 17467.505348
-0.456000 16550.552355
-0.454000 15677.855094
-0.452000 14847.466390
-0.450000 14057.516370
-0.448000 13306.209731
-0.446000 12591.823091
-0.444000 11912.702420
-0.442000 11267.260553
-0.440000 10653.974783
-0.438000 10071.384530
-0.436000 9518.089078
-0.434000 8992.745393
-0.432000 8494.066002
-0.430000 8020.816950
-0.428000 7571.815814
-0.426000 7145.929787
-0.424000 6742.073823
-0.422000 6359.208839
-0.420000 5996.339986
-0.418000 5652.514967
-0.416000 5326.822416
-0.414000 5018.390330
-0.412000 4726.384555
-0.410000 4450.007320
-0.408000 4188.495826
-0.406000 3941.120876
-0.404000 3707.185558
-0.402000 3486.023973
-0.400000 3277.000000
-0.398000 3079.506114
-0.396000 2892.962238
-0.394000 2716.814638
-0.392000 2550.534858
-0.390000 2393.618689
-0.388000 2245.585181
-0.386000 2105.975684
-0.384000 1974.352925
-0.382000 1850.300127
-0.380000 1733.420143
-0.378000 1623.334639
-0.376000 1519.683298
-0.374000 1422.123054
-0.372000 1330.327356
-0.370000 1243.985459
-0.368000 1162.801746
-0.366000 1086.495064
-0.364000 1014.798100
-0.362000 947.456771
-0.360000 884.229641
-0.358000 824.887355
-0.356000 769.212110
-0.354000 716.997127
-0.352000 668.046157
-0.350000 622.173005
-0.348000 579.201067
-0.346000 538.962892
-0.344000 501.299757
-0.342000 466.061266
-0.340000 433.104953
-0.338000 402.295916
-0.336000 373.506455
-0.334000 346.615732
-0.332000 321.509439
-0.330000 298.079484
-0.328000 276.223694
-0.326000 255.845518
-0.324000 236.853758
-0.322000 219.162303
-0.320000 202.689871
-0.318000 187.359774
-0.316000 173.099683
-0.314000 159.841408
-0.312000 147.520685
-0.310000 136.076977
-0.308000 125.453279
-0.306000 115.595935
-0.304000 106.454464
-0.302000 97.981389
-0.300000 90.132080
-0.298000 82.864602
-0.296000 76.139568
-0.294000 69.920002
-0.292000 64.171207
-0.290000 58.860639
-0.288000 53.957790
-0.286000 49.434071
-0.284000 45.262708
-0.282000 41.418635
-0.280000 37.878401
-0.278000 34.620075
-0.276000 31.623155
-0.274000 28.868493
-0.272000 26.338206
-0.270000 24.015607
-0.268000 21.885133
-0.266000 19.932275
-0.264000 18.143517
-0.262000 16.506274
-0.260000 15.008834
-0.258000 13.640305
-0.256000 12.390564
-0.254000 11.250208
-0.252000 10.210507
-0.250000 9.263363
-0.248000 8.401269
-0.246000 7.617268
-0.244000 6.904920
-0.242000 6.258266
-0.240000 5.671797
-0.238000 5.140422
-0.236000 4.659440
-0.234000 4.224515
-0.232000 3.831650
-0.230000 3.477161
-0.228000 3.157657
-0.226000 2.870022
-0.224000 2.611388
-0.222000 2.379123
-0.220000 2.170814
-0.218000 1.984245
-0.216000 1.817390
-0.214000 1.668392
-0.212000 1.535555
-0.210000 1.417328
-0.208000 1.312297
-0.206000 1.219171
-0.204000 1.136776
-0.202000 1.064043
-0.200000 1.000000
-0.198000 0.943763
-0.196000 0.894533
-0.194000 0.851582
-0.192000 0.814255
-0.190000 0.781958
-0.188000 0.754153
-0.186000 0.730358
-0.184000 0.710135
-0.182000 0.693092
-0.180000 0.678877
-0.178000 0.667173
-0.176000 0.657696
-0.174000 0.650191
-0.172000 0.644432
-0.170000 0.640215
-0.168000 0.637358
-0.166000 0.635702
-0.164000 0.635101
-0.162000 0.635429
-0.160000 0.636573
-0.158000 0.638433
-0.156000 0.640919
-0.154000 0.643955
-0.152000 0.647470
-0.150000 0.651403
-0.148000 0.655703
-0.146000 0.660320
-0.144000 0.665214
-0.142000 0.670349
-0.140000 0.675693
-0.138000 0.681217
-0.136000 0.686898
-0.134000 0.692714
-0.132000 0.698646
-0.130000 0.704677
-0.128000 0.710793
-0.126000 0.716982
-0.124000 0.723230
-0.122000 0.729530
-0.120000 0.735870
-0.118000 0.742244
-0.116000 0.748644
-0.114000 0.755062
-0.112000 0.761494
-0.110000 0.767932
-0.108000 0.774372
-0.106000 0.780809
-0.104000 0.787237
-0.102000 0.793652
-0.100000 0.800049
-0.098000 0.806424
-0.096000 0.812772
-0.094000 0.819089
-0.092000 0.825371
-0.090000 0.831612
-0.088000 0.837810
-0.086000 0.843959
-0.084000 0.850056
-0.082000 0.856094
-0.080000 0.862071
-0.078000 0.867982
-0.076000 0.873821
-0.074000 0.879586
-0.072000 0.885270
-0.070000 0.890869
-0.068000 0.896379
-0.066000 0.901795
-0.064000 0.907112
-0.062000 0.912326
-0.060000 0.917431
-0.058000 0.922424
-0.056000 0.927300
-0.054000 0.932053
-0.052000 0.936680
-0.050000 0.941176
-0.048000 0.945537
-0.046000 0.949758
-0.044000 0.953834
-0.042000 0.957763
-0.040000 0.961538
-0.038000 0.965158
-0.036000 0.968617
-0.034000 0.971912
-0.032000 0.975039
-0.030000 0.977995
-0.028000 0.980777
-0.026000 0.983381
-0.024000 0.985804
-0.022000 0.988045
-0.020000 0.990099
-0.018000 0.991965
-0.016000 0.993641
-0.014000 0.995124
-0.012000 0.996413
-0.010000 0.997506
-0.008000 0.998403
-0.006000 0.999101
-0.004000 0.999600
-0.002000 0.999900
0.000000 1.000000
0.002000 0.999900
0.004000 0.999600
0.006000 0.999101
0.008000 0.998403
0.010000 0.997506
0.012000 0.996413
0.014000 0.995124
0.016000 0.993641
0.018000 0.991965
0.020000 0.990099
0.022000 0.988045
0.024000 0.985804
0.026000 0.983381
0.028000 0.980777
0.030000 0.977995
0.032000 0.975039
0.034000 0.971912
0.036000 0.968617
0.038000 0.965158
0.040000 0.961538
0.042000 0.957763
0.044000 0.953834
0.046000 0.949758
0.048000 0.945537
0.050000 0.941176
0.052000 0.936680
0.054000 0.932053
0.056000 0.927300
0.058000 0.922424
0.060000 0.917431
0.062000 0.912326
0.064000 0.907112
0.066000 0.901795
0.068000 0.896379
0.070000 0.890869
0.072000 0.885270
0.074000 0.879586
0.076000 0.873821
0.078000 0.867982
0.080000 0.862071
0.082000 0.856094
0.084000 0.850056
0.086000 0.843959
0.088000 0.837810
0.090000 0.831612
0.092000 0.825371
0.094000 0.819089
0.096000 0.812772
0.098000 0.806424
0.100000 0.800049
0.102000 0.793652
0.104000 0.787237
0.106000 0.780809
0.108000 0.774372
0.110000 0.767932
0.112000 0.761494
0.114000 0.755062
0.116000 0.748644
0.118000 0.742244
0.120000 0.735870
0.122000 0.729530
0.124000 0.723230
0.126000 0.716982
0.128000 0.710793
0.130000 0.704677
0.132000 0.698646
0.134000 0.692714
0.136000 0.686898
0.138000 0.681217
0.140000 0.675693
0.142000 0.670349
0.144000 0.665214
0.146000 0.660320
0.148000 0.655703
0.150000 0.651403
0.152000 0.647470
0.154000 0.643955
0.156000 0.640919
0.158000 0.638433
0.160000 0.636573
0.162000 0.635429
0.164000 0.635101
0.166000 0.635702
0.168000 0.637358
0.170000 0.640215
0.172000 0.644432
0.174000 0.650191
0.176000 0.657696
0.178000 0.667173
0.180000 0.678877
0.182000 0.693092
0.184000 0.710135
0.186000 0.730358
0.188000 0.754153
0.190000 0.781958
0.192000 0.814255
0.194000 0.851582
0.196000 0.894533
0.198000 0.943763
0.200000 1.000000
0.202000 1.064043
0.204000 1.136776
0.206000 1.219171
0.208000 1.312297
0.210000 1.417328
0.212000 1.535555
0.214000 1.668392
0.216000 1.817390
0.218000 1.984245
0.220000 2.170814
0.222000 2.379123
0.224000 2.611388
0.226000 2.870022
0.228000 3.157657
0.230000 3.477161
0.232000 3.831650
0.234000 4.224515
0.236000 4.659440
0.238000 5.140422
0.240000 5.671797
0.242000 6.258266
0.244000 6.904920
0.246000 7.617268
0.248000 8.401269
0.250000 9.263363
0.252000 10.210507
0.254000 11.250208
0.256000 12.390564
0.258000 13.640305
0.260000 15.008834
0.262000 16.506274
0.264000 18.143517
0.266000 19.932275
0.268000 21.885133
0.270000 24.015607
0.272000 26.338206
0.274000 28.868493
0.276000 31.623155
0.278000 34.620075
0.280000 37.878401
0.282000 41.418635
0.284000 45.262708
0.286000 49.434071
0.288000 53.957790
0.290000 58.860639
0.292000 64.171207
0.294000 69.920002
0.296000 76.139568
0.298000 82.864602
0.300000 90.132080
0.302000 97.981389
0.304000 106.454464
0.306000 115.595935
0.308000 125.453279
0.310000 136.076977
0.312000 147.520685
0.314000 159.841408
0.316000 173.099683
0.318000 187.359774
0.320000 202.689871
0.322000 219.162303
0.324000 236.853758
0.326000 255.845518
0.328000 276.223694
0.330000 298.079484
0.332000 321.509439
0.334000 346.615732
0.336000 373.506455
0.338000 402.295916
0.340000 433.104953
0.342000 466.061266
0.344000 501.299757
0.346000 538.962892
0.348000 579.201067
0.350000 622.173005
0.352000 668.046157
0.354000 716.997127
0.356000 769.212110
0.358000 824.887355
0.360000 884.229641
0.362000 947.456771
0.364000 1014.798100
0.366000 1086.495064
0.368000 1162.801746
0.370000 1243.985459
0.372000 1330.327356
0.374000 1422.123054
0.376000 1519.683298
0.378000 1623.334639
0.380000 1733.420143
0.382000 1850.300127
0.384000 1974.352925
0.386000 2105.975684
0.388000 2245.585181
0.390000 2393.618689
0.392000 2550.534858
0.394000 2716.814638
0.396000 2892.962238
0.398000 3079.506114
0.400000 3277.000000
0.402000 3486.023973
0.404000 3707.185558
0.406000 3941.120876
0.408000 4188.495826
0.410000 4450.007320
0.412000 4726.384555
0.414000 5018.390330
0.416000 5326.822416
0.418000 5652.514967
0.420000 5996.339986
0.422000 6359.208839
0.424000 6742.073823
0.426000 7145.929787
0.428000 7571.815814
0.430000 8020.816950
0.432000 8494.066002
0.434000 8992.745393
0.436000 9518.089078
0.438000 10071.384530
0.440000 10653.974783
0.442000 11267.260553
0.444000 11912.702420
0.446000 12591.823091
0.448000 13306.209731
0.450000 14057.516370
0.452000 14847.466390
0.454000 15677.855094
0.456000 16550.552355
0.458000 17467.505348
0.460000 18430.741374
0.462000 19442.370773
0.464000 20504.589920
0.466000 21619.684331
0.468000 22790.031851
0.470000 24018.105950
0.472000 25306.479120
0.474000 26657.826371
0.476000 28074.928846
0.478000 29560.677534
0.480000 31118.077105
0.482000 32750.249857
0.484000 34460.439781
0.486000 36252.016756
0.488000 38128.480858
0.490000 40093.466806
0.492000 42150.748538
0.494000 44304.243921
0.496000 46558.019599
0.498000 48916.295983
0.500000 51383.452393
0.502000 53964.032336
0.504000 56662.748951
0.506000 59484.490603
0.508000 62434.326636
0.510000 65517.513296
0.512000 68739.499822
0.514000 72105.934700
0.516000 75622.672107
0.518000 79295.778530
0.520000 83131.539566
0.522000 87136.466919
0.524000 91317.305587
0.526000 95681.041248
0.528000 100234.907851
0.530000 104986.395414
0.532000 109943.258038
0.534000 115113.522129
0.536000 120505.494861
0.538000 126127.772848
0.540000 131989.251063
0.542000 138099.131992
0.544000 144466.935026
0.546000 151102.506115
0.548000 158016.027668
0.550000 165218.028717
0.552000 172719.395349
0.554000 180531.381410
0.556000 188665.619490
0.558000 197134.132194
0.560000 205949.343699
0.562000 215124.091616
0.564000 224671.639154
0.566000 234605.687597
0.568000 244940.389097
0.570000 255690.359790
0.572000 266870.693255
0.574000 278496.974298
0.576000 290585.293093
0.578000 303152.259673
0.580000 316215.018784
0.582000 329791.265108
0.584000 343899.258863
0.586000 358557.841787
0.588000 373786.453521
0.590000 389605.148385
0.592000 406034.612571
0.594000 423096.181751
0.596000 440811.859113
0.598000 459204.333835
0.600000 478297.000000
0.602000 498113.975969
0.604000 518680.124216
0.606000 540021.071636
0.608000 562163.230333
0.610000 585133.818907
0.612000 608960.884238
0.614000 633673.323782
0.616000 659300.908393
0.618000 685874.305676
0.620000 713425.103884
0.622000 741985.836370
0.624000 771590.006606
0.626000 802272.113775
0.628000 834067.678952
0.630000 867013.271892
0.632000 901146.538415
0.634000 936506.228428
0.636000 973132.224574
0.638000 1011065.571532
0.640000 1050348.505976
0.642000 1091024.487209
0.644000 1133138.228474
0.646000 1176735.728980
0.648000 1221864.306622
0.650000 1268572.631441
0.652000 1316910.759813
0.654000 1366930.169396
0.656000 1418683.794849
0.658000 1472226.064319
0.660000 1527612.936740
0.662000 1584901.939934
0.664000 1644152.209539
0.666000 1705424.528781
0.668000 1768781.369104
0.670000 1834286.931665
0.672000 1902007.189731
0.674000 1972009.931968
0.676000 2044364.806661
0.678000 2119143.366866
0.680000 2196419.116520
0.682000 2276267.557526
0.684000 2358766.237822
0.686000 2443994.800465
0.688000 2532035.033732
0.690000 2622970.922276
0.692000 2716888.699336
0.694000 2813876.900030
0.696000 2914026.415754
0.698000 3017430.549695
0.700000 3124185.073486
0.702000 3234388.285024
0.704000 3348141.067460
0.706000 3465546.949399
0.708000 3586712.166314
0.710000 3711745.723208
0.712000 3840759.458535
0.714000 3973868.109413
0.716000 4111189.378138
0.718000 4252844.000034
0.720000 4398955.812654
0.722000 4549651.826353
0.724000 4705062.296271
0.726000 4865320.795727
0.728000 5030564.291065
0.730000 5200933.217978
0.732000 5376571.559317
0.734000 5557626.924427
0.736000 5744250.630032
0.738000 5936597.782686
0.740000 6134827.362828
0.742000 6339102.310462
0.744000 6549589.612480
0.746000 6766460.391679
0.748000 6989889.997470
0.750000 7220058.098331
0.752000 7457148.776016
0.754000 7701350.621565
0.756000 7952856.833122
0.758000 8211865.315612
0.760000 8478578.782297
0.762000 8753204.858239
0.764000 9035956.185704
0.766000 9327050.531543
0.768000 9626710.896573
0.770000 9935165.626987
0.772000 10252648.527848
0.774000 10579398.978666
0.776000 10915662.051119
0.778000 11261688.628939
0.780000 11617735.530001
0.782000 11984065.630643
0.784000 12360947.992261
0.786000 12748657.990213
0.788000 13147477.445056
0.790000 13557694.756174
0.792000 13979605.037810
0.794000 14413510.257558
0.796000 14859719.377343
0.798000 15318548.496930
0.800000 15790321.000000
0.802000 16275367.702834
0.804000 16774027.005644
0.806000 17286645.046585
0.808000 17813575.858505
0.810000 18355181.528454
0.812000 18911832.360009
0.814000 19483907.038446
0.816000 20071792.798820
0.818000 20675885.596967
0.820000 21296590.283501
0.822000 21934320.780838
0.824000 22589500.263285
0.826000 23262561.340253
0.828000 23953946.242631
0.830000 24664107.012374
0.832000 25393505.695346
0.834000 26142614.537468
0.836000 26911916.184226
0.838000 27701903.883573
0.840000 28513081.692292
0.842000 29345964.685858
0.844000 30201079.171854
0.846000 31078962.906995
0.848000 31980165.317803
0.850000 32905247.725001
0.852000 33854783.571662
0.854000 34829358.655176
0.856000 35829571.363097
0.858000 36856032.912905
0.860000 37909367.595761
0.862000 38990213.024293
0.864000 40099220.384485
0.866000 41237054.691715
0.868000 42404395.051011
0.870000 43601934.921574
0.872000 44830382.385639
0.874000 46090460.421723
0.876000 47382907.182326
0.878000 48708476.276157
0.880000 50067937.054932
0.882000 51462074.904810
0.884000 52891691.542545
0.886000 54357605.316404
0.888000 55860651.511925
0.890000 57401682.662572
0.892000 58981568.865369
0.894000 60601198.101567
0.896000 62261476.562422
0.898000 63963328.980146
0.900000 65707698.964111
0.902000 67495549.342366
0.904000 69327862.508542
0.906000 71205640.774234
0.908000 73129906.726899
0.910000 75101703.593383
0.912000 77122095.609121
0.914000 79192168.393107
0.916000 81313029.328700
0.918000 83485807.950348
0.920000 85711656.336301
0.922000 87991749.507407
0.924000 90327285.832060
0.926000 92719487.437379
0.928000 95169600.626714
0.930000 97678896.303542
0.932000 100248670.401862
0.934000 102880244.323145
0.936000 105574965.379950
0.938000 108334207.246278
0.940000 111159370.414754
0.942000 114051882.660733
0.944000 117013199.513405
0.946000 120044804.734008
0.948000 123148210.801221
0.950000 126324959.403849
0.952000 129576621.940870
0.954000 132904800.028967
0.956000 136311126.017613
0.958000 139797263.511822
0.960000 143364907.902660
0.962000 147015786.905611
0.964000 150751661.106902
0.966000 154574324.517880
0.968000 158485605.137556
0.970000 162487365.523403
0.972000 166581503.370523
0.974000 170769952.099283
0.976000 175054681.451529
0.978000 179437698.095477
0.980000 183921046.239400
0.982000 188506808.254217
0.984000 193197105.305085
0.986000 197994097.992119
0.988000 202899987.000343
0.990000 207917013.758996
0.992000 213047461.110289
0.994000 218293653.987756
0.996000 223657960.104290
0.998000 229142790.650000
