-1.000000 91699453500601.000000
-0.998000 88086745138443.625000
-0.996000 84609494732252.218750
-0.994000 81262881949715.890625
-0.992000 78042248754566.718750
-0.990000 74943094254385.828125
-0.988000 71961069702023.187500
-0.986000 69091973646349.710938
-0.984000 66331747228167.500000
-0.982000 63676469617219.039062
-0.980000 61122353586335.765625
-0.978000 58665741218872.078125
-0.976000 56303099745672.523438
-0.974000 54031017507917.015625
-0.972000 51846200042285.093750
-0.970000 49745466284973.789062
-0.968000 47725744891194.726562
-0.966000 45784070666867.304688
-0.964000 43917581109307.406250
-0.962000 42123513053800.187500
-0.960000 40399199423026.570312
-0.958000 38742066076392.656250
-0.956000 37149628756391.773438
-0.954000 35619490129204.554688
-0.952000 34149336916817.722656
-0.950000 32736937118015.218750
-0.948000 31380137315665.640625
-0.946000 30076860067802.148438
-0.944000 28825101380053.980469
-0.942000 27622928257059.730469
-0.940000 26468476330553.531250
-0.938000 25359947561879.015625
-0.936000 24295608016748.007812
-0.934000 23273785710118.585938
-0.932000 22292868519127.011719
-0.930000 21351302162064.164062
-0.928000 20447588241441.203125
-0.926000 19580282349245.390625
-0.924000 18747992232536.500000
-0.922000 17949376017587.859375
-0.920000 17183140490824.503906
-0.918000 16448039434859.468750
-0.916000 15742872017977.154297
-0.914000 15066481235458.408203
-0.912000 14417752401186.457031
-0.910000 13795611688017.259766
-0.908000 13199024715439.806641
-0.906000 12626995183093.695312
-0.904000 12078563548751.498047
-0.902000 11552805749413.039062
-0.900000 11048831964196.773438
-0.898000 10565785417750.562500
-0.896000 10102841222941.246094
-0.894000 9659205261616.738281
-0.892000 9234113102269.789062
-0.890000 8826828953465.251953
-0.888000 8436644651925.901367
-0.886000 8062878684203.567383
-0.884000 7704875240892.740234
-0.882000 7362003302374.779297
-0.880000 7033655755109.358398
-0.878000 6719248537518.773438
-0.876000 6418219814538.334961
-0.874000 6130029179932.996094
-0.872000 5854156885506.875000
-0.870000 5590103096357.682617
-0.868000 5337387171352.887695
-0.866000 5095546968029.030273
-0.864000 4864138171138.672852
-0.862000 4642733644092.650391
-0.860000 4430922802567.563477
-0.858000 4228311009569.935059
-0.856000 4034518991269.677246
-0.854000 3849182272936.071777
-0.852000 3671950634329.085938
-0.850000 3502487583918.592285
-0.848000 3340469851322.693359
-0.846000 3185586897374.619629
-0.844000 3037540441245.655273
-0.842000 2896044004068.689453
-0.840000 2760822468523.940430
-0.838000 2631611653864.643555
-0.836000 2508157905876.494141
-0.834000 2390217701279.938965
-0.832000 2277557266099.636719
-0.830000 2169952207539.742188
-0.828000 2067187158918.067627
-0.826000 1969055437225.784912
-0.824000 1875358712892.759521
-0.822000 1785906691351.647949
-0.820000 1700516806006.479492
-0.818000 1619013922223.643066
-0.816000 1541230051975.209229
-0.814000 1467004078776.052734
-0.812000 1396181492567.404541
-0.810000 1328614134210.452393
-0.808000 1264159949264.182373
-0.806000 1202682750731.845703
-0.804000 1144051990470.586670
-0.802000 1088142538968.255859
-0.800000 1034834473201.000000
-0.798000 984012872294.252319
-0.796000 935567620718.633789
-0.794000 889393218760.908203
-0.792000 845388600018.390747
-0.790000 803456955673.390015
-0.788000 763505565312.073120
-0.786000 725445634059.769531
-0.784000 689192135812.113159
-0.782000 654663662348.625244
-0.780000 621782278122.239746
-0.778000 590473380525.063354
-0.776000 560665565437.189453
-0.774000 532290497871.702148
-0.772000 505282787535.217285
-0.770000 479579869129.185547
-0.768000 455121887223.043152
-0.766000 431851585535.843628
-0.764000 409714200468.470154
-0.762000 388657358733.764648
-0.760000 368630978937.041687
-0.758000 349587176964.369202
-0.756000 331480175040.808838
-0.754000 314266214325.448181
-0.752000 297903470914.547302
-0.750000 282351975128.488953
-0.748000 267573533962.427094
-0.746000 253531656584.637146
-0.744000 240191482770.509552
-0.742000 227519714163.976379
-0.740000 215484548261.872772
-0.738000 204055615020.316437
-0.736000 193203915985.684601
-0.734000 182901765856.133636
-0.732000 173122736382.855927
-0.730000 163841602523.449371
-0.728000 155034290762.799927
-0.726000 146677829519.862823
-0.724000 138750301561.571991
-0.722000 131230798347.879654
-0.720000 124099376234.609360
-0.718000 117337014463.394897
-0.716000 110925574870.480179
-0.714000 104847763248.587799
-0.712000 99087092298.398193
-0.710000 93627846108.455795
-0.708000 88455046104.511505
-0.706000 83554418411.419891
-0.704000 78912362572.773270
-0.702000 74515921575.423706
-0.700000 70352753127.965073
-0.698000 66411102144.093346
-0.696000 62679774383.557701
-0.694000 59148111205.133514
-0.692000 55805965387.727119
-0.690000 52643677977.328583
-0.688000 49652056119.089844
-0.686000 46822351835.310753
-0.684000 44146241711.565231
-0.682000 41615807454.608017
-0.680000 39223517287.055359
-0.678000 36962208145.140747
-0.676000 34825068647.113144
-0.674000 32805622801.060661
-0.672000 30897714422.122864
-0.670000 29095492230.189400
-0.668000 27393395600.278687
-0.666000 25786140938.849419
-0.664000 24268708660.316376
-0.662000 22836330739.027473
-0.660000 21484478812.909164
-0.658000 20208852815.901627
-0.656000 19005370117.189716
-0.654000 17870155146.086952
-0.652000 16799529482.250666
-0.650000 15790002391.698586
-0.648000 14838261789.859909
-0.646000 13941165613.629303
-0.644000 13095733585.102009
-0.642000 12299139350.349863
-0.640000 11548702977.257181
-0.638000 10841883797.069281
-0.636000 10176273574.916964
-0.634000 9549589995.168842
-0.632000 8959670448.029448
-0.630000 8404466104.346972
-0.628000 7882036266.119845
-0.626000 7390542980.696431
-0.624000 6928245907.149528
-0.622000 6493497423.775443
-0.620000 6084737966.118170
-0.618000 5700491585.353596
-0.616000 5339361717.285222
-0.614000 5000027152.605128
-0.612000 4681238199.459654
-0.610000 4381813029.730952
-0.608000 4100634200.802677
-0.606000 3836645344.921502
-0.604000 3588848018.596369
-0.602000 3356298704.794701
-0.600000 3138105961.000000
-0.598000 2933427706.488112
-0.596000 2741468642.461558
-0.594000 2561477798.951482
-0.592000 2392746202.657057
-0.590000 2234604660.141846
-0.588000 2086421651.046229
-0.586000 1947601326.205456
-0.584000 1817581605.783891
-0.582000 1695832372.748219
-0.580000 1581853757.205990
-0.578000 1475174507.331656
-0.576000 1375350442.789336
-0.574000 1281962986.742002
-0.572000 1194617772.709054
-0.570000 1112943322.700037
-0.568000 1036589793.210848
-0.566000 965227785.821276
-0.564000 898547219.278387
-0.562000 836256260.090468
-0.560000 778080308.790110
-0.558000 723761039.153669
-0.556000 673055487.787383
-0.554000 625735191.608393
-0.552000 581585370.861913
-0.550000 540404155.423945
-0.548000 502001852.242569
-0.546000 466200251.870027
-0.544000 432831972.132711
-0.542000 401739837.077091
-0.540000 372776289.416558
-0.538000 345802834.787295
-0.536000 320689516.200958
-0.534000 297314417.157996
-0.532000 275563191.958251
-0.530000 255328621.815092
-0.528000 236510195.445832
-0.526000 219013712.874796
-0.524000 202750911.246164
-0.522000 187639111.501777
-0.520000 173600884.834556
-0.518000 160563737.881192
-0.516000 148459815.668296
-0.514000 137225621.374588
-0.512000 126801752.017737
-0.510000 117132649.218537
-0.508000 108166364.237064
-0.506000 99854336.515568
-0.504000 92151185.001043
-0.502000 85014511.556916
-0.500000 78404715.808011
-0.498000 72284820.796152
-0.496000 66620308.855299
-0.494000 61378967.145260
-0.492000 56530742.311702
-0.490000 52047603.767493
-0.488000 47903415.116476
-0.486000 44073813.265514
-0.484000 40536094.794295
-0.482000 37269109.174806
-0.480000 34253158.453790
-0.478000 31469903.031827
-0.476000 28902273.192039
-0.474000 26534386.049808
-0.472000 24351467.612416
-0.470000 22339779.654122
-0.468000 20486551.128044
-0.466000 18779913.851186
-0.464000 17208842.213286
-0.462000 15763096.673660
-0.460000 14433170.823148
-0.458000 13210241.800435
-0.456000 12086123.863692
-0.454000 11053224.929424
-0.452000 10104505.900912
-0.450000 9233442.618517
-0.448000 8433990.273527
-0.446000 7700550.136127
-0.444000 7027938.456521
-0.442000 6411357.406253
-0.440000 5846367.934319
-0.438000 5328864.419894
-0.436000 4855051.010250
-0.434000 4421419.538918
-0.432000 4024728.925210
-0.430000 3661985.962010
-0.428000 3330427.404170
-0.426000 3027503.275027
-0.424000 2750861.313429
-0.422000 2498332.488250
-0.420000 2267917.511758
-0.418000 2057774.287299
-0.416000 1866206.230641
-0.414000 1691651.408009
-0.412000 1532672.437295
-0.410000 1387947.102192
-0.408000 1256259.632101
-0.406000 1136492.603544
-0.404000 1027619.421584
-0.402000 928697.342328
-0.400000 838861.000000
-0.398000 757316.404424
-0.396000 683335.376845
-0.394000 616250.394111
-0.392000 555449.813125
-0.390000 500373.449264
-0.388000 450508.484205
-0.386000 405385.680127
-0.384000 364575.878806
-0.382000 327686.765513
-0.380000 294359.878919
-0.378000 264267.849506
-0.376000 237111.850091
-0.374000 212619.243204
-0.372000 190541.411071
-0.370000 170651.754908
-0.368000 152743.851154
-0.366000 136629.753089
-0.364000 122138.427100
-0.362000 109114.313582
-0.360000 97416.003163
-0.358000 86915.019585
-0.356000 77494.701189
-0.354000 69049.173511
-0.352000 61482.406027
-0.350000 54707.346593
-0.348000 48645.127575
-0.346000 43224.338092
-0.344000 38380.357228
-0.342000 34054.743404
-0.340000 30194.675489
-0.338000 26752.441529
-0.336000 23684.971291
-0.334000 20953.409107
-0.332000 18522.723749
-0.330000 16361.352332
-0.328000 14440.875458
-0.326000 12735.721030
-0.324000 11222.894366
-0.322000 9881.732412
-0.320000 8693.680051
-0.318000 7642.086634
-0.316000 6712.021017
-0.314000 5890.103531
-0.312000 5164.353426
-0.310000 4524.050461
-0.308000 3959.609389
-0.306000 3462.466232
-0.304000 3024.975300
-0.302000 2640.315989
-0.300000 2302.408505
-0.298000 2005.837702
-0.296000 1745.784297
-0.294000 1517.962807
-0.292000 1318.565570
-0.290000 1144.212309
-0.288000 991.904712
-0.286000 858.985567
-0.284000 743.102017
-0.282000 642.172550
-0.280000 554.357367
-0.278000 478.031798
-0.276000 411.762480
-0.274000 354.286019
-0.272000 304.489904
-0.270000 261.395435
-0.268000 224.142478
-0.266000 191.975857
-0.264000 164.233223
-0.262000 140.334239
-0.260000 119.770962
-0.258000 102.099285
-0.256000 86.931334
-0.254000 73.928719
-0.252000 62.796554
-0.250000 53.278155
-0.248000 45.150345
-0.246000 38.219316
-0.244000 32.316955
-0.242000 27.297624
-0.240000 23.035305
-0.238000 19.421095
-0.236000 16.361002
-0.234000 13.774011
-0.232000 11.590381
-0.230000 9.750160
-0.228000 8.201878
-0.226000 6.901415
-0.224000 5.810996
-0.222000 4.898335
-0.220000 4.135871
-0.218000 3.500114
-0.216000 2.971077
-0.214000 2.531774
-0.212000 2.167799
-0.210000 1.866949
-0.208000 1.618908
-0.206000 1.414966
-0.204000 1.247785
-0.202000 1.111190
-0.200000 1.000000
-0.198000 0.909868
-0.196000 0.837161
-0.194000 0.778843
-0.192000 0.732384
-0.190000 0.695681
-0.188000 0.666988
-0.186000 0.644857
-0.184000 0.628093
-0.182000 0.615709
-0.180000 0.606893
-0.178000 0.600980
-0.176000 0.597421
-0.174000 0.595772
-0.172000 0.595667
-0.170000 0.596809
-0.168000 0.598959
-0.166000 0.601921
-0.164000 0.605539
-0.162000 0.609684
-0.160000 0.614255
-0.158000 0.619171
-0.156000 0.624364
-0.154000 0.629784
-0.152000 0.635387
-0.150000 0.641142
-0.148000 0.647020
-0.146000 0.653000
-0.144000 0.659067
-0.142000 0.665205
-0.140000 0.671403
-0.138000 0.677654
-0.136000 0.683949
-0.134000 0.690282
-0.132000 0.696647
-0.130000 0.703042
-0.128000 0.709460
-0.126000 0.715898
-0.124000 0.722354
-0.122000 0.728824
-0.120000 0.735304
-0.118000 0.741791
-0.116000 0.748284
-0.114000 0.754777
-0.112000 0.761269
-0.110000 0.767756
-0.108000 0.774235
-0.106000 0.780702
-0.104000 0.787154
-0.102000 0.793588
-0.100000 0.800000
-0.098000 0.806387
-0.096000 0.812744
-0.094000 0.819068
-0.092000 0.825355
-0.090000 0.831601
-0.088000 0.837802
-0.086000 0.843953
-0.084000 0.850051
-0.082000 0.856091
-0.080000 0.862069
-0.078000 0.867980
-0.076000 0.873820
-0.074000 0.879585
-0.072000 0.885269
-0.070000 0.890869
-0.068000 0.896379
-0.066000 0.901795
-0.064000 0.907112
-0.062000 0.912326
-0.060000 0.917431
-0.058000 0.922424
-0.056000 0.927300
-0.054000 0.932053
-0.052000 0.936680
-0.050000 0.941176
-0.048000 0.945537
-0.046000 0.949758
-0.044000 0.953834
-0.042000 0.957763
-0.040000 0.961538
-0.038000 0.965158
-0.036000 0.968617
-0.034000 0.971912
-0.032000 0.975039
-0.030000 0.977995
-0.028000 0.980777
-0.026000 0.983381
-0.024000 0.985804
-0.022000 0.988045
-0.020000 0.990099
-0.018000 0.991965
-0.016000 0.993641
-0.014000 0.995124
-0.012000 0.996413
-0.010000 0.997506
-0.008000 0.998403
-0.006000 0.999101
-0.004000 0.999600
-0.002000 0.999900
0.000000 1.000000
0.002000 0.999900
0.004000 0.999600
0.006000 0.999101
0.008000 0.998403
0.010000 0.997506
0.012000 0.996413
0.014000 0.995124
0.016000 0.993641
0.018000 0.991965
0.020000 0.990099
0.022000 0.988045
0.024000 0.985804
0.026000 0.983381
0.028000 0.980777
0.030000 0.977995
0.032000 0.975039
0.034000 0.971912
0.036000 0.968617
0.038000 0.965158
0.040000 0.961538
0.042000 0.957763
0.044000 0.953834
0.046000 0.949758
0.048000 0.945537
0.050000 0.941176
0.052000 0.936680
0.054000 0.932053
0.056000 0.927300
0.058000 0.922424
0.060000 0.917431
0.062000 0.912326
0.064000 0.907112
0.066000 0.901795
0.068000 0.896379
0.070000 0.890869
0.072000 0.885269
0.074000 0.879585
0.076000 0.873820
0.078000 0.867980
0.080000 0.862069
0.082000 0.856091
0.084000 0.850051
0.086000 0.843953
0.088000 0.837802
0.090000 0.831601
0.092000 0.825355
0.094000 0.819068
0.096000 0.812744
0.098000 0.806387
0.100000 0.800000
0.102000 0.793588
0.104000 0.787154
0.106000 0.780702
0.108000 0.774235
0.110000 0.767756
0.112000 0.761269
0.114000 0.754777
0.116000 0.748284
0.118000 0.741791
0.120000 0.735304
0.122000 0.728824
0.124000 0.722354
0.126000 0.715898
0.128000 0.709460
0.130000 0.703042
0.132000 0.696647
0.134000 0.690282
0.136000 0.683949
0.138000 0.677654
0.140000 0.671403
0.142000 0.665205
0.144000 0.659067
0.146000 0.653000
0.148000 0.647020
0.150000 0.641142
0.152000 0.635387
0.154000 0.629784
0.156000 0.624364
0.158000 0.619171
0.160000 0.614255
0.162000 0.609684
0.164000 0.605539
0.166000 0.601921
0.168000 0.598959
0.170000 0.596809
0.172000 0.595667
0.174000 0.595772
0.176000 0.597421
0.178000 0.600980
0.180000 0.606893
0.182000 0.615709
0.184000 0.628093
0.186000 0.644857
0.188000 0.666988
0.190000 0.695681
0.192000 0.732384
0.194000 0.778843
0.196000 0.837161
0.198000 0.909868
0.200000 1.000000
0.202000 1.111190
0.204000 1.247785
0.206000 1.414966
0.208000 1.618908
0.210000 1.866949
0.212000 2.167799
0.214000 2.531774
0.216000 2.971077
0.218000 3.500114
0.220000 4.135871
0.222000 4.898335
0.224000 5.810996
0.226000 6.901415
0.228000 8.201878
0.230000 9.750160
0.232000 11.590381
0.234000 13.774011
0.236000 16.361002
0.238000 19.421095
0.240000 23.035305
0.242000 27.297624
0.244000 32.316955
0.246000 38.219316
0.248000 45.150345
0.250000 53.278155
0.252000 62.796554
0.254000 73.928719
0.256000 86.931334
0.258000 102.099285
0.260000 119.770962
0.262000 140.334239
0.264000 164.233223
0.266000 191.975857
0.268000 224.142478
0.270000 261.395435
0.272000 304.489904
0.274000 354.286019
0.276000 411.762480
0.278000 478.031798
0.280000 554.357367
0.282000 642.172550
0.284000 743.102017
0.286000 858.985567
0.288000 991.904712
0.290000 1144.212309
0.292000 1318.565570
0.294000 1517.962807
0.296000 1745.784297
0.298000 2005.837702
0.300000 2302.408505
0.302000 2640.315989
0.304000 3024.975300
0.306000 3462.466232
0.308000 3959.609389
0.310000 4524.050461
0.312000 5164.353426
0.314000 5890.103531
0.316000 6712.021017
0.318000 7642.086634
0.320000 8693.680051
0.322000 9881.732412
0.324000 11222.894366
0.326000 12735.721030
0.328000 14440.875458
0.330000 16361.352332
0.332000 18522.723749
0.334000 20953.409107
0.336000 23684.971291
0.338000 26752.441529
0.340000 30194.675489
0.342000 34054.743404
0.344000 38380.357228
0.346000 43224.338092
0.348000 48645.127575
0.350000 54707.346593
0.352000 61482.406027
0.354000 69049.173511
0.356000 77494.701189
0.358000 86915.019585
0.360000 97416.003163
0.362000 109114.313582
0.364000 122138.427100
0.366000 136629.753089
0.368000 152743.851154
0.370000 170651.754908
0.372000 190541.411071
0.374000 212619.243204
0.376000 237111.850091
0.378000 264267.849506
0.380000 294359.878919
0.382000 327686.765513
0.384000 364575.878806
0.386000 405385.680127
0.388000 450508.484205
0.390000 500373.449264
0.392000 555449.813125
0.394000 616250.394111
0.396000 683335.376845
0.398000 757316.404424
0.400000 838861.000000
0.402000 928697.342328
0.404000 1027619.421584
0.406000 1136492.603544
0.408000 1256259.632101
0.410000 1387947.102192
0.412000 1532672.437295
0.414000 1691651.408009
0.416000 1866206.230641
0.418000 2057774.287299
0.420000 2267917.511758
0.422000 2498332.488250
0.424000 2750861.313429
0.426000 3027503.275027
0.428000 3330427.404170
0.430000 3661985.962010
0.432000 4024728.925210
0.434000 4421419.538918
0.436000 4855051.010250
0.438000 5328864.419894
0.440000 5846367.934319
0.442000 6411357.406253
0.444000 7027938.456521
0.446000 7700550.136127
0.448000 8433990.273527
0.450000 9233442.618517
0.452000 10104505.900912
0.454000 11053224.929424
0.456000 12086123.863692
0.458000 13210241.800435
0.460000 14433170.823148
0.462000 15763096.673660
0.464000 17208842.213286
0.466000 18779913.851186
0.468000 20486551.128044
0.470000 22339779.654122
0.472000 24351467.612416
0.474000 26534386.049808
0.476000 28902273.192039
0.478000 31469903.031827
0.480000 34253158.453790
0.482000 37269109.174806
0.484000 40536094.794295
0.486000 44073813.265514
0.488000 47903415.116476
0.490000 52047603.767493
0.492000 56530742.311702
0.494000 61378967.145260
0.496000 66620308.855299
0.498000 72284820.796152
0.500000 78404715.808011
0.502000 85014511.556916
0.504000 92151185.001043
0.506000 99854336.515568
0.508000 108166364.237064
0.510000 117132649.218537
0.512000 126801752.017737
0.514000 137225621.374588
0.516000 148459815.668296
0.518000 160563737.881192
0.520000 173600884.834556
0.522000 187639111.501777
0.524000 202750911.246164
0.526000 219013712.874796
0.528000 236510195.445832
0.530000 255328621.815092
0.532000 275563191.958251
0.534000 297314417.157996
0.536000 320689516.200958
0.538000 345802834.787295
0.540000 372776289.416558
0.542000 401739837.077091
0.544000 432831972.132711
0.546000 466200251.870027
0.548000 502001852.242569
0.550000 540404155.423945
0.552000 581585370.861913
0.554000 625735191.608393
0.556000 673055487.787383
0.558000 723761039.153669
0.560000 778080308.790110
0.562000 836256260.090468
0.564000 898547219.278387
0.566000 965227785.821276
0.568000 1036589793.210848
0.570000 1112943322.700037
0.572000 1194617772.709054
0.574000 1281962986.742002
0.576000 1375350442.789336
0.578000 1475174507.331656
0.580000 1581853757.205990
0.582000 1695832372.748219
0.584000 1817581605.783899
0.586000 1947601326.205463
0.588000 2086421651.046238
0.590000 2234604660.141856
0.592000 2392746202.657066
0.594000 2561477798.951487
0.596000 2741468642.461575
0.598000 2933427706.488124
0.600000 3138105961.000006
0.602000 3356298704.794714
0.604000 3588848018.596375
0.606000 3836645344.921517
0.608000 4100634200.802692
0.610000 4381813029.730960
0.612000 4681238199.459672
0.614000 5000027152.605146
0.616000 5339361717.285243
0.618000 5700491585.353618
0.620000 6084737966.118193
0.622000 6493497423.775470
0.624000 6928245907.149567
0.626000 7390542980.696445
0.628000 7882036266.119873
0.630000 8404466104.347017
0.632000 8959670448.029478
0.634000 9549589995.168879
0.636000 10176273574.916981
0.638000 10841883797.069298
0.640000 11548702977.257221
0.642000 12299139350.349928
0.644000 13095733585.102032
0.646000 13941165613.629326
0.648000 14838261789.859964
0.650000 15790002391.698715
0.652000 16799529482.250774
0.654000 17870155146.087070
0.656000 19005370117.189816
0.658000 20208852815.901756
0.660000 21484478812.909309
0.662000 22836330739.027626
0.664000 24268708660.316566
0.666000 25786140938.849419
0.668000 27393395600.278687
0.670000 29095492230.189400
0.672000 30897714422.122864
0.674000 32805622801.060661
0.676000 34825068647.113144
0.678000 36962208145.140747
0.680000 39223517287.055359
0.682000 41615807454.608017
0.684000 44146241711.565231
0.686000 46822351835.310753
0.688000 49652056119.089844
0.690000 52643677977.328583
0.692000 55805965387.727119
0.694000 59148111205.133514
0.696000 62679774383.557701
0.698000 66411102144.093346
0.700000 70352753127.965073
0.702000 74515921575.423706
0.704000 78912362572.773270
0.706000 83554418411.419891
0.708000 88455046104.511505
0.710000 93627846108.455795
0.712000 99087092298.398193
0.714000 104847763248.587799
0.716000 110925574870.480179
0.718000 117337014463.394897
0.720000 124099376234.609360
0.722000 131230798347.879654
0.724000 138750301561.571991
0.726000 146677829519.862823
0.728000 155034290762.799927
0.730000 163841602523.449371
0.732000 173122736382.855927
0.734000 182901765856.133636
0.736000 193203915985.684601
0.738000 204055615020.316437
0.740000 215484548261.872772
0.742000 227519714163.976379
0.744000 240191482770.509552
0.746000 253531656584.637146
0.748000 267573533962.427094
0.750000 282351975128.488953
0.752000 297903470914.547302
0.754000 314266214325.448181
0.756000 331480175040.808838
0.758000 349587176964.369202
0.760000 368630978937.041687
0.762000 388657358733.764648
0.764000 409714200468.470154
0.766000 431851585535.843628
0.768000 455121887223.043152
0.770000 479579869129.185547
0.772000 505282787535.217285
0.774000 532290497871.702148
0.776000 560665565437.189453
0.778000 590473380525.063354
0.780000 621782278122.239746
0.782000 654663662348.625244
0.784000 689192135812.113159
0.786000 725445634059.769531
0.788000 763505565312.073120
0.790000 803456955673.390015
0.792000 845388600018.390747
0.794000 889393218760.908203
0.796000 935567620718.633789
0.798000 984012872294.252319
0.800000 1034834473201.000000
0.802000 1088142538968.255859
0.804000 1144051990470.586670
0.806000 1202682750731.845703
0.808000 1264159949264.182373
0.810000 1328614134210.452393
0.812000 1396181492567.404541
0.814000 1467004078776.052734
0.816000 1541230051975.209229
0.818000 1619013922223.643066
0.820000 1700516806006.479492
0.822000 1785906691351.647949
0.824000 1875358712892.759521
0.826000 1969055437225.789062
0.828000 2067187158918.075928
0.830000 2169952207539.742188
0.832000 2277557266099.641602
0.834000 2390217701279.949219
0.836000 2508157905876.505371
0.838000 2631611653864.655762
0.840000 2760822468523.947266
0.842000 2896044004068.695801
0.844000 3037540441245.661621
0.846000 3185586897374.630859
0.848000 3340469851322.706055
0.850000 3502487583918.599121
0.852000 3671950634329.094238
0.854000 3849182272936.087402
0.856000 4034518991269.693359
0.858000 4228311009569.943848
0.860000 4430922802567.581055
0.862000 4642733644092.666992
0.864000 4864138171138.672852
0.866000 5095546968029.040039
0.868000 5337387171352.899414
0.870000 5590103096357.703125
0.872000 5854156885506.896484
0.874000 6130029179933.006836
0.876000 6418219814538.346680
0.878000 6719248537518.797852
0.880000 7033655755109.383789
0.882000 7362003302374.804688
0.884000 7704875240892.754883
0.886000 8062878684203.579102
0.888000 8436644651925.933594
0.890000 8826828953465.267578
0.892000 9234113102269.822266
0.894000 9659205261616.757812
0.896000 10102841222941.265625
0.898000 10565785417750.597656
0.900000 11048831964196.812500
0.902000 11552805749413.078125
0.904000 12078563548751.517578
0.906000 12626995183093.716797
0.908000 13199024715439.855469
0.910000 13795611688017.308594
0.912000 14417752401186.507812
0.914000 15066481235458.458984
0.916000 15742872017977.185547
0.918000 16448039434859.494141
0.920000 17183140490824.478516
0.922000 17949376017587.796875
0.924000 18747992232536.437500
0.926000 19580282349245.359375
0.928000 20447588241441.203125
0.930000 21351302162064.164062
0.932000 22292868519127.011719
0.934000 23273785710118.585938
0.936000 24295608016748.007812
0.938000 25359947561879.015625
0.940000 26468476330553.531250
0.942000 27622928257059.730469
0.944000 28825101380053.980469
0.946000 30076860067802.148438
0.948000 31380137315665.640625
0.950000 32736937118015.218750
0.952000 34149336916817.722656
0.954000 35619490129204.554688
0.956000 37149628756391.773438
0.958000 38742066076392.656250
0.960000 40399199423026.570312
0.962000 42123513053800.187500
0.964000 43917581109307.406250
0.966000 45784070666867.304688
0.968000 47725744891194.726562
0.970000 49745466284973.789062
0.972000 51846200042285.093750
0.974000 54031017507917.015625
0.976000 56303099745672.523438
0.978000 58665741218872.078125
0.980000 61122353586335.765625
0.982000 63676469617219.039062
0.984000 66331747228167.500000
0.986000 69091973646349.710938
0.988000 71961069702023.187500
0.990000 74943094254385.828125
0.992000 78042248754566.718750
0.994000 81262881949715.890625
0.996000 84609494732252.218750
0.998000 88086745138443.625000
