-1.000000 -0.006152
-0.998000 -0.004228
-0.996000 -0.002270
-0.994000 -0.000287
-0.992000 0.001714
-0.990000 0.003727
-0.988000 0.005745
-0.986000 0.007761
-0.984000 0.009771
-0.982000 0.011768
-0.980000 0.013749
-0.978000 0.015709
-0.976000 0.017643
-0.974000 0.019548
-0.972000 0.021420
-0.970000 0.023257
-0.968000 0.025054
-0.966000 0.026810
-0.964000 0.028523
-0.962000 0.030190
-0.960000 0.031809
-0.958000 0.033379
-0.956000 0.034899
-0.954000 0.036366
-0.952000 0.037781
-0.950000 0.039143
-0.948000 0.040450
-0.946000 0.041702
-0.944000 0.042900
-0.942000 0.044043
-0.940000 0.045131
-0.938000 0.046164
-0.936000 0.047143
-0.934000 0.048067
-0.932000 0.048938
-0.930000 0.049756
-0.928000 0.050522
-0.926000 0.051236
-0.924000 0.051900
-0.922000 0.052514
-0.920000 0.053080
-0.918000 0.053599
-0.916000 0.054071
-0.914000 0.054499
-0.912000 0.054883
-0.910000 0.055225
-0.908000 0.055525
-0.906000 0.055787
-0.904000 0.056010
-0.902000 0.056196
-0.900000 0.056348
-0.898000 0.056466
-0.896000 0.056552
-0.894000 0.056608
-0.892000 0.056634
-0.890000 0.056634
-0.888000 0.056607
-0.886000 0.056557
-0.884000 0.056483
-0.882000 0.056389
-0.880000 0.056275
-0.878000 0.056143
-0.876000 0.055995
-0.874000 0.055831
-0.872000 0.055654
-0.870000 0.055465
-0.868000 0.055266
-0.866000 0.055057
-0.864000 0.054841
-0.862000 0.054618
-0.860000 0.054390
-0.858000 0.054159
-0.856000 0.053925
-0.854000 0.053690
-0.852000 0.053455
-0.850000 0.053221
-0.848000 0.052990
-0.846000 0.052762
-0.844000 0.052539
-0.842000 0.052322
-0.840000 0.052111
-0.838000 0.051909
-0.836000 0.051715
-0.834000 0.051530
-0.832000 0.051356
-0.830000 0.051193
-0.828000 0.051042
-0.826000 0.050904
-0.824000 0.050780
-0.822000 0.050670
-0.820000 0.050575
-0.818000 0.050495
-0.816000 0.050431
-0.814000 0.050384
-0.812000 0.050354
-0.810000 0.050341
-0.808000 0.050346
-0.806000 0.050370
-0.804000 0.050412
-0.802000 0.050474
-0.800000 0.050554
-0.798000 0.050654
-0.796000 0.050774
-0.794000 0.050913
-0.792000 0.051073
-0.790000 0.051252
-0.788000 0.051452
-0.786000 0.051672
-0.784000 0.051912
-0.782000 0.052173
-0.780000 0.052453
-0.778000 0.052754
-0.776000 0.053075
-0.774000 0.053415
-0.772000 0.053775
-0.770000 0.054155
-0.768000 0.054554
-0.766000 0.054972
-0.764000 0.055409
-0.762000 0.055865
-0.760000 0.056339
-0.758000 0.056831
-0.756000 0.057340
-0.754000 0.057867
-0.752000 0.058410
-0.750000 0.058970
-0.748000 0.059546
-0.746000 0.060138
-0.744000 0.060745
-0.742000 0.061367
-0.740000 0.062004
-0.738000 0.062654
-0.736000 0.063317
-0.734000 0.063993
-0.732000 0.064682
-0.730000 0.065383
-0.728000 0.066095
-0.726000 0.066817
-0.724000 0.067550
-0.722000 0.068293
-0.720000 0.069045
-0.718000 0.069805
-0.716000 0.070574
-0.714000 0.071350
-0.712000 0.072133
-0.710000 0.072922
-0.708000 0.073717
-0.706000 0.074518
-0.704000 0.075323
-0.702000 0.076132
-0.700000 0.076945
-0.698000 0.077761
-0.696000 0.078579
-0.694000 0.079399
-0.692000 0.080221
-0.690000 0.081044
-0.688000 0.081867
-0.686000 0.082689
-0.684000 0.083511
-0.682000 0.084332
-0.680000 0.085151
-0.678000 0.085968
-0.676000 0.086782
-0.674000 0.087592
-0.672000 0.088400
-0.670000 0.089203
-0.668000 0.090001
-0.666000 0.090795
-0.664000 0.091583
-0.662000 0.092365
-0.660000 0.093141
-0.658000 0.093911
-0.656000 0.094674
-0.654000 0.095429
-0.652000 0.096177
-0.650000 0.096917
-0.648000 0.097648
-0.646000 0.098371
-0.644000 0.099085
-0.642000 0.099790
-0.640000 0.100485
-0.638000 0.101171
-0.636000 0.101848
-0.634000 0.102514
-0.632000 0.103170
-0.630000 0.103815
-0.628000 0.104450
-0.626000 0.105074
-0.624000 0.105688
-0.622000 0.106291
-0.620000 0.106882
-0.618000 0.107463
-0.616000 0.108033
-0.614000 0.108591
-0.612000 0.109139
-0.610000 0.109675
-0.608000 0.110200
-0.606000 0.110714
-0.604000 0.111217
-0.602000 0.111709
-0.600000 0.112191
-0.598000 0.112661
-0.596000 0.113121
-0.594000 0.113571
-0.592000 0.114010
-0.590000 0.114439
-0.588000 0.114858
-0.586000 0.115267
-0.584000 0.115667
-0.582000 0.116057
-0.580000 0.116439
-0.578000 0.116812
-0.576000 0.117176
-0.574000 0.117532
-0.572000 0.117880
-0.570000 0.118221
-0.568000 0.118555
-0.566000 0.118882
-0.564000 0.119202
-0.562000 0.119517
-0.560000 0.119826
-0.558000 0.120129
-0.556000 0.120428
-0.554000 0.120723
-0.552000 0.121014
-0.550000 0.121301
-0.548000 0.121586
-0.546000 0.121868
-0.544000 0.122148
-0.542000 0.122427
-0.540000 0.122706
-0.538000 0.122984
-0.536000 0.123262
-0.534000 0.123541
-0.532000 0.123821
-0.530000 0.124104
-0.528000 0.124389
-0.526000 0.124677
-0.524000 0.124969
-0.522000 0.125266
-0.520000 0.125567
-0.518000 0.125874
-0.516000 0.126188
-0.514000 0.126508
-0.512000 0.126836
-0.510000 0.127173
-0.508000 0.127518
-0.506000 0.127873
-0.504000 0.128238
-0.502000 0.128614
-0.500000 0.129001
-0.498000 0.129401
-0.496000 0.129814
-0.494000 0.130241
-0.492000 0.130681
-0.490000 0.131137
-0.488000 0.131609
-0.486000 0.132097
-0.484000 0.132602
-0.482000 0.133125
-0.480000 0.133666
-0.478000 0.134227
-0.476000 0.134808
-0.474000 0.135409
-0.472000 0.136031
-0.470000 0.136675
-0.468000 0.137342
-0.466000 0.138032
-0.464000 0.138746
-0.462000 0.139485
-0.460000 0.140249
-0.458000 0.141039
-0.456000 0.141855
-0.454000 0.142699
-0.452000 0.143571
-0.450000 0.144471
-0.448000 0.145401
-0.446000 0.146360
-0.444000 0.147350
-0.442000 0.148370
-0.440000 0.149423
-0.438000 0.150508
-0.436000 0.151625
-0.434000 0.152776
-0.432000 0.153961
-0.430000 0.155180
-0.428000 0.156434
-0.426000 0.157724
-0.424000 0.159051
-0.422000 0.160413
-0.420000 0.161813
-0.418000 0.163251
-0.416000 0.164727
-0.414000 0.166241
-0.412000 0.167794
-0.410000 0.169387
-0.408000 0.171020
-0.406000 0.172693
-0.404000 0.174407
-0.402000 0.176162
-0.400000 0.177958
-0.398000 0.179797
-0.396000 0.181677
-0.394000 0.183601
-0.392000 0.185567
-0.390000 0.187576
-0.388000 0.189629
-0.386000 0.191725
-0.384000 0.193866
-0.382000 0.196050
-0.380000 0.198279
-0.378000 0.200553
-0.376000 0.202872
-0.374000 0.205236
-0.372000 0.207645
-0.370000 0.210099
-0.368000 0.212599
-0.366000 0.215144
-0.364000 0.217735
-0.362000 0.220372
-0.360000 0.223055
-0.358000 0.225783
-0.356000 0.228558
-0.354000 0.231378
-0.352000 0.234244
-0.350000 0.237156
-0.348000 0.240114
-0.346000 0.243117
-0.344000 0.246166
-0.342000 0.249261
-0.340000 0.252401
-0.338000 0.255586
-0.336000 0.258817
-0.334000 0.262092
-0.332000 0.265412
-0.330000 0.268777
-0.328000 0.272186
-0.326000 0.275639
-0.324000 0.279135
-0.322000 0.282676
-0.320000 0.286259
-0.318000 0.289886
-0.316000 0.293555
-0.314000 0.297266
-0.312000 0.301019
-0.310000 0.304813
-0.308000 0.308649
-0.306000 0.312525
-0.304000 0.316441
-0.302000 0.320397
-0.300000 0.324392
-0.298000 0.328426
-0.296000 0.332498
-0.294000 0.336608
-0.292000 0.340755
-0.290000 0.344938
-0.288000 0.349158
-0.286000 0.353413
-0.284000 0.357703
-0.282000 0.362026
-0.280000 0.366384
-0.278000 0.370774
-0.276000 0.375197
-0.274000 0.379651
-0.272000 0.384136
-0.270000 0.388651
-0.268000 0.393196
-0.266000 0.397769
-0.264000 0.402370
-0.262000 0.406998
-0.260000 0.411652
-0.258000 0.416332
-0.256000 0.421037
-0.254000 0.425766
-0.252000 0.430517
-0.250000 0.435291
-0.248000 0.440086
-0.246000 0.444902
-0.244000 0.449737
-0.242000 0.454590
-0.240000 0.459462
-0.238000 0.464350
-0.236000 0.469255
-0.234000 0.474174
-0.232000 0.479107
-0.230000 0.484054
-0.228000 0.489012
-0.226000 0.493981
-0.224000 0.498961
-0.222000 0.503950
-0.220000 0.508947
-0.218000 0.513951
-0.216000 0.518961
-0.214000 0.523976
-0.212000 0.528995
-0.210000 0.534017
-0.208000 0.539041
-0.206000 0.544066
-0.204000 0.549091
-0.202000 0.554115
-0.200000 0.559136
-0.198000 0.564154
-0.196000 0.569167
-0.194000 0.574175
-0.192000 0.579176
-0.190000 0.584170
-0.188000 0.589155
-0.186000 0.594130
-0.184000 0.599094
-0.182000 0.604046
-0.180000 0.608984
-0.178000 0.613909
-0.176000 0.618818
-0.174000 0.623711
-0.172000 0.628586
-0.170000 0.633442
-0.168000 0.638279
-0.166000 0.643095
-0.164000 0.647889
-0.162000 0.652659
-0.160000 0.657406
-0.158000 0.662127
-0.156000 0.666823
-0.154000 0.671490
-0.152000 0.676130
-0.150000 0.680739
-0.148000 0.685318
-0.146000 0.689866
-0.144000 0.694380
-0.142000 0.698861
-0.140000 0.703307
-0.138000 0.707717
-0.136000 0.712090
-0.134000 0.716425
-0.132000 0.720721
-0.130000 0.724977
-0.128000 0.729192
-0.126000 0.733364
-0.124000 0.737494
-0.122000 0.741580
-0.120000 0.745621
-0.118000 0.749615
-0.116000 0.753563
-0.114000 0.757463
-0.112000 0.761314
-0.110000 0.765115
-0.108000 0.768866
-0.106000 0.772565
-0.104000 0.776211
-0.102000 0.779804
-0.100000 0.783343
-0.098000 0.786827
-0.096000 0.790254
-0.094000 0.793625
-0.092000 0.796939
-0.090000 0.800193
-0.088000 0.803389
-0.086000 0.806524
-0.084000 0.809599
-0.082000 0.812612
-0.080000 0.815563
-0.078000 0.818451
-0.076000 0.821275
-0.074000 0.824034
-0.072000 0.826729
-0.070000 0.829357
-0.068000 0.831920
-0.066000 0.834415
-0.064000 0.836842
-0.062000 0.839201
-0.060000 0.841492
-0.058000 0.843712
-0.056000 0.845863
-0.054000 0.847943
-0.052000 0.849952
-0.050000 0.851890
-0.048000 0.853755
-0.046000 0.855548
-0.044000 0.857269
-0.042000 0.858915
-0.040000 0.860488
-0.038000 0.861987
-0.036000 0.863411
-0.034000 0.864760
-0.032000 0.866034
-0.030000 0.867232
-0.028000 0.868354
-0.026000 0.869400
-0.024000 0.870370
-0.022000 0.871263
-0.020000 0.872079
-0.018000 0.872818
-0.016000 0.873480
-0.014000 0.874064
-0.012000 0.874571
-0.010000 0.875000
-0.008000 0.875351
-0.006000 0.875624
-0.004000 0.875820
-0.002000 0.875937
0.000000 0.875976
0.002000 0.875937
0.004000 0.875820
0.006000 0.875624
0.008000 0.875351
0.010000 0.875000
0.012000 0.874571
0.014000 0.874064
0.016000 0.873480
0.018000 0.872818
0.020000 0.872079
0.022000 0.871263
0.024000 0.870370
0.026000 0.869400
0.028000 0.868354
0.030000 0.867232
0.032000 0.866034
0.034000 0.864760
0.036000 0.863411
0.038000 0.861987
0.040000 0.860488
0.042000 0.858915
0.044000 0.857269
0.046000 0.855548
0.048000 0.853755
0.050000 0.851890
0.052000 0.849952
0.054000 0.847943
0.056000 0.845863
0.058000 0.843712
0.060000 0.841492
0.062000 0.839201
0.064000 0.836842
0.066000 0.834415
0.068000 0.831920
0.070000 0.829357
0.072000 0.826729
0.074000 0.824034
0.076000 0.821275
0.078000 0.818451
0.080000 0.815563
0.082000 0.812612
0.084000 0.809599
0.086000 0.806524
0.088000 0.803389
0.090000 0.800193
0.092000 0.796939
0.094000 0.793625
0.096000 0.790254
0.098000 0.786827
0.100000 0.783343
0.102000 0.779804
0.104000 0.776211
0.106000 0.772565
0.108000 0.768866
0.110000 0.765115
0.112000 0.761314
0.114000 0.757463
0.116000 0.753563
0.118000 0.749615
0.120000 0.745621
0.122000 0.741580
0.124000 0.737494
0.126000 0.733364
0.128000 0.729192
0.130000 0.724977
0.132000 0.720721
0.134000 0.716425
0.136000 0.712090
0.138000 0.707717
0.140000 0.703307
0.142000 0.698861
0.144000 0.694380
0.146000 0.689866
0.148000 0.685318
0.150000 0.680739
0.152000 0.676130
0.154000 0.671490
0.156000 0.666823
0.158000 0.662127
0.160000 0.657406
0.162000 0.652659
0.164000 0.647889
0.166000 0.643095
0.168000 0.638279
0.170000 0.633442
0.172000 0.628586
0.174000 0.623711
0.176000 0.618818
0.178000 0.613909
0.180000 0.608984
0.182000 0.604046
0.184000 0.599094
0.186000 0.594130
0.188000 0.589155
0.190000 0.584170
0.192000 0.579176
0.194000 0.574175
0.196000 0.569167
0.198000 0.564154
0.200000 0.559136
0.202000 0.554115
0.204000 0.549091
0.206000 0.544066
0.208000 0.539041
0.210000 0.534017
0.212000 0.528995
0.214000 0.523976
0.216000 0.518961
0.218000 0.513951
0.220000 0.508947
0.222000 0.503950
0.224000 0.498961
0.226000 0.493981
0.228000 0.489012
0.230000 0.484054
0.232000 0.479107
0.234000 0.474174
0.236000 0.469255
0.238000 0.464350
0.240000 0.459462
0.242000 0.454590
0.244000 0.449737
0.246000 0.444902
0.248000 0.440086
0.250000 0.435291
0.252000 0.430517
0.254000 0.425766
0.256000 0.421037
0.258000 0.416332
0.260000 0.411652
0.262000 0.406998
0.264000 0.402370
0.266000 0.397769
0.268000 0.393196
0.270000 0.388651
0.272000 0.384136
0.274000 0.379651
0.276000 0.375197
0.278000 0.370774
0.280000 0.366384
0.282000 0.362026
0.284000 0.357703
0.286000 0.353413
0.288000 0.349158
0.290000 0.344938
0.292000 0.340755
0.294000 0.336608
0.296000 0.332498
0.298000 0.328426
0.300000 0.324392
0.302000 0.320397
0.304000 0.316441
0.306000 0.312525
0.308000 0.308649
0.310000 0.304813
0.312000 0.301019
0.314000 0.297266
0.316000 0.293555
0.318000 0.289886
0.320000 0.286259
0.322000 0.282676
0.324000 0.279135
0.326000 0.275639
0.328000 0.272186
0.330000 0.268777
0.332000 0.265412
0.334000 0.262092
0.336000 0.258817
0.338000 0.255586
0.340000 0.252401
0.342000 0.249261
0.344000 0.246166
0.346000 0.243117
0.348000 0.240114
0.350000 0.237156
0.352000 0.234244
0.354000 0.231378
0.356000 0.228558
0.358000 0.225783
0.360000 0.223055
0.362000 0.220372
0.364000 0.217735
0.366000 0.215144
0.368000 0.212599
0.370000 0.210099
0.372000 0.207645
0.374000 0.205236
0.376000 0.202872
0.378000 0.200553
0.380000 0.198279
0.382000 0.196050
0.384000 0.193866
0.386000 0.191725
0.388000 0.189629
0.390000 0.187576
0.392000 0.185567
0.394000 0.183601
0.396000 0.181677
0.398000 0.179797
0.400000 0.177958
0.402000 0.176162
0.404000 0.174407
0.406000 0.172693
0.408000 0.171020
0.410000 0.169387
0.412000 0.167794
0.414000 0.166241
0.416000 0.164727
0.418000 0.163251
0.420000 0.161813
0.422000 0.160413
0.424000 0.159051
0.426000 0.157724
0.428000 0.156434
0.430000 0.155180
0.432000 0.153961
0.434000 0.152776
0.436000 0.151625
0.438000 0.150508
0.440000 0.149423
0.442000 0.148370
0.444000 0.147350
0.446000 0.146360
0.448000 0.145401
0.450000 0.144471
0.452000 0.143571
0.454000 0.142699
0.456000 0.141855
0.458000 0.141039
0.460000 0.140249
0.462000 0.139485
0.464000 0.138746
0.466000 0.138032
0.468000 0.137342
0.470000 0.136675
0.472000 0.136031
0.474000 0.135409
0.476000 0.134808
0.478000 0.134227
0.480000 0.133666
0.482000 0.133125
0.484000 0.132602
0.486000 0.132097
0.488000 0.131609
0.490000 0.131137
0.492000 0.130681
0.494000 0.130241
0.496000 0.129814
0.498000 0.129401
0.500000 0.129001
0.502000 0.128614
0.504000 0.128238
0.506000 0.127873
0.508000 0.127518
0.510000 0.127173
0.512000 0.126836
0.514000 0.126508
0.516000 0.126188
0.518000 0.125874
0.520000 0.125567
0.522000 0.125266
0.524000 0.124969
0.526000 0.124677
0.528000 0.124389
0.530000 0.124104
0.532000 0.123821
0.534000 0.123541
0.536000 0.123262
0.538000 0.122984
0.540000 0.122706
0.542000 0.122427
0.544000 0.122148
0.546000 0.121868
0.548000 0.121586
0.550000 0.121301
0.552000 0.121014
0.554000 0.120723
0.556000 0.120428
0.558000 0.120129
0.560000 0.119826
0.562000 0.119517
0.564000 0.119202
0.566000 0.118882
0.568000 0.118555
0.570000 0.118221
0.572000 0.117880
0.574000 0.117532
0.576000 0.117176
0.578000 0.116812
0.580000 0.116439
0.582000 0.116057
0.584000 0.115667
0.586000 0.115267
0.588000 0.114858
0.590000 0.114439
0.592000 0.114010
0.594000 0.113571
0.596000 0.113121
0.598000 0.112661
0.600000 0.112191
0.602000 0.111709
0.604000 0.111217
0.606000 0.110714
0.608000 0.110200
0.610000 0.109675
0.612000 0.109139
0.614000 0.108591
0.616000 0.108033
0.618000 0.107463
0.620000 0.106882
0.622000 0.106291
0.624000 0.105688
0.626000 0.105074
0.628000 0.104450
0.630000 0.103815
0.632000 0.103170
0.634000 0.102514
0.636000 0.101848
0.638000 0.101171
0.640000 0.100485
0.642000 0.099790
0.644000 0.099085
0.646000 0.098371
0.648000 0.097648
0.650000 0.096917
0.652000 0.096177
0.654000 0.095429
0.656000 0.094674
0.658000 0.093911
0.660000 0.093141
0.662000 0.092365
0.664000 0.091583
0.666000 0.090795
0.668000 0.090001
0.670000 0.089203
0.672000 0.088400
0.674000 0.087592
0.676000 0.086782
0.678000 0.085968
0.680000 0.085151
0.682000 0.084332
0.684000 0.083511
0.686000 0.082689
0.688000 0.081867
0.690000 0.081044
0.692000 0.080221
0.694000 0.079399
0.696000 0.078579
0.698000 0.077761
0.700000 0.076945
0.702000 0.076132
0.704000 0.075323
0.706000 0.074518
0.708000 0.073717
0.710000 0.072922
0.712000 0.072133
0.714000 0.071350
0.716000 0.070574
0.718000 0.069805
0.720000 0.069045
0.722000 0.068293
0.724000 0.067550
0.726000 0.066817
0.728000 0.066095
0.730000 0.065383
0.732000 0.064682
0.734000 0.063993
0.736000 0.063317
0.738000 0.062654
0.740000 0.062004
0.742000 0.061367
0.744000 0.060745
0.746000 0.060138
0.748000 0.059546
0.750000 0.058970
0.752000 0.058410
0.754000 0.057867
0.756000 0.057340
0.758000 0.056831
0.760000 0.056339
0.762000 0.055865
0.764000 0.055409
0.766000 0.054972
0.768000 0.054554
0.770000 0.054155
0.772000 0.053775
0.774000 0.053415
0.776000 0.053075
0.778000 0.052754
0.780000 0.052453
0.782000 0.052173
0.784000 0.051912
0.786000 0.051672
0.788000 0.051452
0.790000 0.051252
0.792000 0.051073
0.794000 0.050913
0.796000 0.050774
0.798000 0.050654
0.800000 0.050554
0.802000 0.050474
0.804000 0.050412
0.806000 0.050370
0.808000 0.050346
0.810000 0.050341
0.812000 0.050354
0.814000 0.050384
0.816000 0.050431
0.818000 0.050495
0.820000 0.050575
0.822000 0.050670
0.824000 0.050780
0.826000 0.050904
0.828000 0.051042
0.830000 0.051193
0.832000 0.051356
0.834000 0.051530
0.836000 0.051715
0.838000 0.051909
0.840000 0.052111
0.842000 0.052322
0.844000 0.052539
0.846000 0.052762
0.848000 0.052990
0.850000 0.053221
0.852000 0.053455
0.854000 0.053690
0.856000 0.053925
0.858000 0.054159
0.860000 0.054390
0.862000 0.054618
0.864000 0.054841
0.866000 0.055057
0.868000 0.055266
0.870000 0.055465
0.872000 0.055654
0.874000 0.055831
0.876000 0.055995
0.878000 0.056143
0.880000 0.056275
0.882000 0.056389
0.884000 0.056483
0.886000 0.056557
0.888000 0.056607
0.890000 0.056634
0.892000 0.056634
0.894000 0.056608
0.896000 0.056552
0.898000 0.056466
0.900000 0.056348
0.902000 0.056196
0.904000 0.056010
0.906000 0.055787
0.908000 0.055525
0.910000 0.055225
0.912000 0.054883
0.914000 0.054499
0.916000 0.054071
0.918000 0.053599
0.920000 0.053080
0.922000 0.052514
0.924000 0.051900
0.926000 0.051236
0.928000 0.050522
0.930000 0.049756
0.932000 0.048938
0.934000 0.048067
0.936000 0.047143
0.938000 0.046164
0.940000 0.045131
0.942000 0.044043
0.944000 0.042900
0.946000 0.041702
0.948000 0.040450
0.950000 0.039143
0.952000 0.037781
0.954000 0.036366
0.956000 0.034899
0.958000 0.033379
0.960000 0.031809
0.962000 0.030190
0.964000 0.028523
0.966000 0.026810
0.968000 0.025054
0.970000 0.023257
0.972000 0.021420
0.974000 0.019548
0.976000 0.017643
0.978000 0.015709
0.980000 0.013749
0.982000 0.011768
0.984000 0.009771
0.986000 0.007761
0.988000 0.005745
0.990000 0.003727
0.992000 0.001714
0.994000 -0.000287
0.996000 -0.002270
0.998000 -0.004228
