-1.000000 -0.009695
-0.998000 -0.001971
-0.996000 0.004936
-0.994000 0.011086
-0.992000 0.016537
-0.990000 0.021346
-0.988000 0.025566
-0.986000 0.029245
-0.984000 0.032433
-0.982000 0.035172
-0.980000 0.037505
-0.978000 0.039472
-0.976000 0.041109
-0.974000 0.042452
-0.972000 0.043533
-0.970000 0.044382
-0.968000 0.045026
-0.966000 0.045493
-0.964000 0.045806
-0.962000 0.045986
-0.960000 0.046055
-0.958000 0.046032
-0.956000 0.045932
-0.954000 0.045771
-0.952000 0.045564
-0.950000 0.045322
-0.948000 0.045058
-0.946000 0.044780
-0.944000 0.044499
-0.942000 0.044221
-0.940000 0.043954
-0.938000 0.043703
-0.936000 0.043473
-0.934000 0.043268
-0.932000 0.043091
-0.930000 0.042946
-0.928000 0.042834
-0.926000 0.042757
-0.924000 0.042716
-0.922000 0.042711
-0.920000 0.042741
-0.918000 0.042808
-0.916000 0.042910
-0.914000 0.043046
-0.912000 0.043215
-0.910000 0.043415
-0.908000 0.043645
-0.906000 0.043903
-0.904000 0.044187
-0.902000 0.044496
-0.900000 0.044826
-0.898000 0.045176
-0.896000 0.045544
-0.894000 0.045927
-0.892000 0.046323
-0.890000 0.046731
-0.888000 0.047147
-0.886000 0.047570
-0.884000 0.047999
-0.882000 0.048430
-0.880000 0.048862
-0.878000 0.049294
-0.876000 0.049724
-0.874000 0.050149
-0.872000 0.050570
-0.870000 0.050984
-0.868000 0.051391
-0.866000 0.051788
-0.864000 0.052176
-0.862000 0.052553
-0.860000 0.052919
-0.858000 0.053272
-0.856000 0.053613
-0.854000 0.053942
-0.852000 0.054257
-0.850000 0.054558
-0.848000 0.054846
-0.846000 0.055121
-0.844000 0.055382
-0.842000 0.055630
-0.840000 0.055865
-0.838000 0.056087
-0.836000 0.056298
-0.834000 0.056496
-0.832000 0.056684
-0.830000 0.056861
-0.828000 0.057028
-0.826000 0.057186
-0.824000 0.057335
-0.822000 0.057477
-0.820000 0.057612
-0.818000 0.057742
-0.816000 0.057866
-0.814000 0.057986
-0.812000 0.058102
-0.810000 0.058216
-0.808000 0.058328
-0.806000 0.058440
-0.804000 0.058552
-0.802000 0.058665
-0.800000 0.058780
-0.798000 0.058898
-0.796000 0.059019
-0.794000 0.059145
-0.792000 0.059275
-0.790000 0.059412
-0.788000 0.059555
-0.786000 0.059706
-0.784000 0.059864
-0.782000 0.060031
-0.780000 0.060207
-0.778000 0.060392
-0.776000 0.060588
-0.774000 0.060793
-0.772000 0.061010
-0.770000 0.061238
-0.768000 0.061477
-0.766000 0.061729
-0.764000 0.061992
-0.762000 0.062267
-0.760000 0.062554
-0.758000 0.062854
-0.756000 0.063166
-0.754000 0.063490
-0.752000 0.063827
-0.750000 0.064176
-0.748000 0.064537
-0.746000 0.064910
-0.744000 0.065294
-0.742000 0.065691
-0.740000 0.066098
-0.738000 0.066516
-0.736000 0.066945
-0.734000 0.067385
-0.732000 0.067834
-0.730000 0.068293
-0.728000 0.068760
-0.726000 0.069237
-0.724000 0.069722
-0.722000 0.070214
-0.720000 0.070714
-0.718000 0.071220
-0.716000 0.071733
-0.714000 0.072251
-0.712000 0.072774
-0.710000 0.073303
-0.708000 0.073835
-0.706000 0.074371
-0.704000 0.074910
-0.702000 0.075452
-0.700000 0.075996
-0.698000 0.076541
-0.696000 0.077088
-0.694000 0.077635
-0.692000 0.078183
-0.690000 0.078730
-0.688000 0.079276
-0.686000 0.079821
-0.684000 0.080365
-0.682000 0.080906
-0.680000 0.081446
-0.678000 0.081982
-0.676000 0.082516
-0.674000 0.083046
-0.672000 0.083573
-0.670000 0.084096
-0.668000 0.084615
-0.666000 0.085130
-0.664000 0.085640
-0.662000 0.086146
-0.660000 0.086648
-0.658000 0.087144
-0.656000 0.087636
-0.654000 0.088123
-0.652000 0.088605
-0.650000 0.089083
-0.648000 0.089555
-0.646000 0.090023
-0.644000 0.090487
-0.642000 0.090946
-0.640000 0.091401
-0.638000 0.091852
-0.636000 0.092299
-0.634000 0.092742
-0.632000 0.093182
-0.630000 0.093619
-0.628000 0.094053
-0.626000 0.094485
-0.624000 0.094914
-0.622000 0.095342
-0.620000 0.095769
-0.618000 0.096195
-0.616000 0.096620
-0.614000 0.097045
-0.612000 0.097470
-0.610000 0.097897
-0.608000 0.098324
-0.606000 0.098754
-0.604000 0.099186
-0.602000 0.099620
-0.600000 0.100058
-0.598000 0.100500
-0.596000 0.100946
-0.594000 0.101397
-0.592000 0.101853
-0.590000 0.102315
-0.588000 0.102784
-0.586000 0.103259
-0.584000 0.103742
-0.582000 0.104234
-0.580000 0.104733
-0.578000 0.105242
-0.576000 0.105760
-0.574000 0.106289
-0.572000 0.106828
-0.570000 0.107377
-0.568000 0.107939
-0.566000 0.108512
-0.564000 0.109098
-0.562000 0.109696
-0.560000 0.110307
-0.558000 0.110932
-0.556000 0.111571
-0.554000 0.112225
-0.552000 0.112893
-0.550000 0.113576
-0.548000 0.114274
-0.546000 0.114987
-0.544000 0.115717
-0.542000 0.116462
-0.540000 0.117224
-0.538000 0.118002
-0.536000 0.118797
-0.534000 0.119609
-0.532000 0.120437
-0.530000 0.121283
-0.528000 0.122146
-0.526000 0.123026
-0.524000 0.123923
-0.522000 0.124837
-0.520000 0.125769
-0.518000 0.126718
-0.516000 0.127684
-0.514000 0.128667
-0.512000 0.129668
-0.510000 0.130685
-0.508000 0.131719
-0.506000 0.132770
-0.504000 0.133837
-0.502000 0.134921
-0.500000 0.136021
-0.498000 0.137136
-0.496000 0.138268
-0.494000 0.139415
-0.492000 0.140577
-0.490000 0.141754
-0.488000 0.142945
-0.486000 0.144151
-0.484000 0.145372
-0.482000 0.146605
-0.480000 0.147852
-0.478000 0.149113
-0.476000 0.150386
-0.474000 0.151671
-0.472000 0.152968
-0.470000 0.154277
-0.468000 0.155597
-0.466000 0.156928
-0.464000 0.158270
-0.462000 0.159622
-0.460000 0.160984
-0.458000 0.162355
-0.456000 0.163735
-0.454000 0.165124
-0.452000 0.166522
-0.450000 0.167927
-0.448000 0.169341
-0.446000 0.170762
-0.444000 0.172190
-0.442000 0.173624
-0.440000 0.175066
-0.438000 0.176513
-0.436000 0.177967
-0.434000 0.179426
-0.432000 0.180891
-0.430000 0.182362
-0.428000 0.183837
-0.426000 0.185318
-0.424000 0.186803
-0.422000 0.188294
-0.420000 0.189788
-0.418000 0.191288
-0.416000 0.192792
-0.414000 0.194300
-0.412000 0.195813
-0.410000 0.197331
-0.408000 0.198853
-0.406000 0.200379
-0.404000 0.201911
-0.402000 0.203447
-0.400000 0.204988
-0.398000 0.206535
-0.396000 0.208087
-0.394000 0.209644
-0.392000 0.211208
-0.390000 0.212778
-0.388000 0.214354
-0.386000 0.215938
-0.384000 0.217529
-0.382000 0.219127
-0.380000 0.220734
-0.378000 0.222350
-0.376000 0.223975
-0.374000 0.225610
-0.372000 0.227256
-0.370000 0.228912
-0.368000 0.230580
-0.366000 0.232260
-0.364000 0.233954
-0.362000 0.235661
-0.360000 0.237382
-0.358000 0.239119
-0.356000 0.240872
-0.354000 0.242642
-0.352000 0.244430
-0.350000 0.246236
-0.348000 0.248061
-0.346000 0.249908
-0.344000 0.251775
-0.342000 0.253665
-0.340000 0.255578
-0.338000 0.257515
-0.336000 0.259478
-0.334000 0.261467
-0.332000 0.263483
-0.330000 0.265528
-0.328000 0.267602
-0.326000 0.269706
-0.324000 0.271843
-0.322000 0.274012
-0.320000 0.276214
-0.318000 0.278452
-0.316000 0.280725
-0.314000 0.283036
-0.312000 0.285385
-0.310000 0.287773
-0.308000 0.290201
-0.306000 0.292671
-0.304000 0.295184
-0.302000 0.297740
-0.300000 0.300341
-0.298000 0.302988
-0.296000 0.305681
-0.294000 0.308422
-0.292000 0.311213
-0.290000 0.314053
-0.288000 0.316944
-0.286000 0.319887
-0.284000 0.322882
-0.282000 0.325931
-0.280000 0.329035
-0.278000 0.332195
-0.276000 0.335410
-0.274000 0.338683
-0.272000 0.342013
-0.270000 0.345403
-0.268000 0.348851
-0.266000 0.352360
-0.264000 0.355929
-0.262000 0.359559
-0.260000 0.363252
-0.258000 0.367006
-0.256000 0.370824
-0.254000 0.374704
-0.252000 0.378649
-0.250000 0.382657
-0.248000 0.386730
-0.246000 0.390867
-0.244000 0.395069
-0.242000 0.399335
-0.240000 0.403667
-0.238000 0.408063
-0.236000 0.412525
-0.234000 0.417052
-0.232000 0.421643
-0.230000 0.426299
-0.228000 0.431019
-0.226000 0.435804
-0.224000 0.440652
-0.222000 0.445564
-0.220000 0.450538
-0.218000 0.455575
-0.216000 0.460673
-0.214000 0.465833
-0.212000 0.471053
-0.210000 0.476333
-0.208000 0.481672
-0.206000 0.487068
-0.204000 0.492521
-0.202000 0.498031
-0.200000 0.503595
-0.198000 0.509213
-0.196000 0.514884
-0.194000 0.520605
-0.192000 0.526377
-0.190000 0.532198
-0.188000 0.538065
-0.186000 0.543979
-0.184000 0.549936
-0.182000 0.555936
-0.180000 0.561977
-0.178000 0.568056
-0.176000 0.574174
-0.174000 0.580326
-0.172000 0.586512
-0.170000 0.592730
-0.168000 0.598978
-0.166000 0.605253
-0.164000 0.611554
-0.162000 0.617878
-0.160000 0.624224
-0.158000 0.630588
-0.156000 0.636969
-0.154000 0.643365
-0.152000 0.649772
-0.150000 0.656190
-0.148000 0.662614
-0.146000 0.669043
-0.144000 0.675474
-0.142000 0.681905
-0.140000 0.688333
-0.138000 0.694756
-0.136000 0.701170
-0.134000 0.707574
-0.132000 0.713963
-0.130000 0.720337
-0.128000 0.726692
-0.126000 0.733025
-0.124000 0.739334
-0.122000 0.745615
-0.120000 0.751866
-0.118000 0.758085
-0.116000 0.764267
-0.114000 0.770412
-0.112000 0.776515
-0.110000 0.782574
-0.108000 0.788585
-0.106000 0.794547
-0.104000 0.800457
-0.102000 0.806311
-0.100000 0.812107
-0.098000 0.817841
-0.096000 0.823512
-0.094000 0.829117
-0.092000 0.834652
-0.090000 0.840115
-0.088000 0.845503
-0.086000 0.850814
-0.084000 0.856044
-0.082000 0.861192
-0.080000 0.866254
-0.078000 0.871229
-0.076000 0.876113
-0.074000 0.880903
-0.072000 0.885599
-0.070000 0.890196
-0.068000 0.894694
-0.066000 0.899088
-0.064000 0.903378
-0.062000 0.907560
-0.060000 0.911633
-0.058000 0.915595
-0.056000 0.919443
-0.054000 0.923175
-0.052000 0.926790
-0.050000 0.930285
-0.048000 0.933658
-0.046000 0.936908
-0.044000 0.940033
-0.042000 0.943032
-0.040000 0.945902
-0.038000 0.948642
-0.036000 0.951251
-0.034000 0.953727
-0.032000 0.956069
-0.030000 0.958275
-0.028000 0.960345
-0.026000 0.962277
-0.024000 0.964070
-0.022000 0.965724
-0.020000 0.967236
-0.018000 0.968608
-0.016000 0.969836
-0.014000 0.970922
-0.012000 0.971865
-0.010000 0.972663
-0.008000 0.973317
-0.006000 0.973825
-0.004000 0.974189
-0.002000 0.974407
0.000000 0.974480
0.002000 0.974407
0.004000 0.974189
0.006000 0.973825
0.008000 0.973317
0.010000 0.972663
0.012000 0.971865
0.014000 0.970922
0.016000 0.969836
0.018000 0.968608
0.020000 0.967236
0.022000 0.965724
0.024000 0.964070
0.026000 0.962277
0.028000 0.960345
0.030000 0.958275
0.032000 0.956069
0.034000 0.953727
0.036000 0.951251
0.038000 0.948642
0.040000 0.945902
0.042000 0.943032
0.044000 0.940033
0.046000 0.936908
0.048000 0.933658
0.050000 0.930285
0.052000 0.926790
0.054000 0.923175
0.056000 0.919443
0.058000 0.915595
0.060000 0.911633
0.062000 0.907560
0.064000 0.903378
0.066000 0.899088
0.068000 0.894694
0.070000 0.890196
0.072000 0.885599
0.074000 0.880903
0.076000 0.876113
0.078000 0.871229
0.080000 0.866254
0.082000 0.861192
0.084000 0.856044
0.086000 0.850814
0.088000 0.845503
0.090000 0.840115
0.092000 0.834652
0.094000 0.829117
0.096000 0.823512
0.098000 0.817841
0.100000 0.812107
0.102000 0.806311
0.104000 0.800457
0.106000 0.794547
0.108000 0.788585
0.110000 0.782574
0.112000 0.776515
0.114000 0.770412
0.116000 0.764267
0.118000 0.758085
0.120000 0.751866
0.122000 0.745615
0.124000 0.739334
0.126000 0.733025
0.128000 0.726692
0.130000 0.720337
0.132000 0.713963
0.134000 0.707574
0.136000 0.701170
0.138000 0.694756
0.140000 0.688333
0.142000 0.681905
0.144000 0.675474
0.146000 0.669043
0.148000 0.662614
0.150000 0.656190
0.152000 0.649772
0.154000 0.643365
0.156000 0.636969
0.158000 0.630588
0.160000 0.624224
0.162000 0.617878
0.164000 0.611554
0.166000 0.605253
0.168000 0.598978
0.170000 0.592730
0.172000 0.586512
0.174000 0.580326
0.176000 0.574174
0.178000 0.568056
0.180000 0.561977
0.182000 0.555936
0.184000 0.549936
0.186000 0.543979
0.188000 0.538065
0.190000 0.532198
0.192000 0.526377
0.194000 0.520605
0.196000 0.514884
0.198000 0.509213
0.200000 0.503595
0.202000 0.498031
0.204000 0.492521
0.206000 0.487068
0.208000 0.481672
0.210000 0.476333
0.212000 0.471053
0.214000 0.465833
0.216000 0.460673
0.218000 0.455575
0.220000 0.450538
0.222000 0.445564
0.224000 0.440652
0.226000 0.435804
0.228000 0.431019
0.230000 0.426299
0.232000 0.421643
0.234000 0.417052
0.236000 0.412525
0.238000 0.408063
0.240000 0.403667
0.242000 0.399335
0.244000 0.395069
0.246000 0.390867
0.248000 0.386730
0.250000 0.382657
0.252000 0.378649
0.254000 0.374704
0.256000 0.370824
0.258000 0.367006
0.260000 0.363252
0.262000 0.359559
0.264000 0.355929
0.266000 0.352360
0.268000 0.348851
0.270000 0.345403
0.272000 0.342013
0.274000 0.338683
0.276000 0.335410
0.278000 0.332195
0.280000 0.329035
0.282000 0.325931
0.284000 0.322882
0.286000 0.319887
0.288000 0.316944
0.290000 0.314053
0.292000 0.311213
0.294000 0.308422
0.296000 0.305681
0.298000 0.302988
0.300000 0.300341
0.302000 0.297740
0.304000 0.295184
0.306000 0.292671
0.308000 0.290201
0.310000 0.287773
0.312000 0.285385
0.314000 0.283036
0.316000 0.280725
0.318000 0.278452
0.320000 0.276214
0.322000 0.274012
0.324000 0.271843
0.326000 0.269706
0.328000 0.267602
0.330000 0.265528
0.332000 0.263483
0.334000 0.261467
0.336000 0.259478
0.338000 0.257515
0.340000 0.255578
0.342000 0.253665
0.344000 0.251775
0.346000 0.249908
0.348000 0.248061
0.350000 0.246236
0.352000 0.244430
0.354000 0.242642
0.356000 0.240872
0.358000 0.239119
0.360000 0.237382
0.362000 0.235661
0.364000 0.233954
0.366000 0.232260
0.368000 0.230580
0.370000 0.228912
0.372000 0.227256
0.374000 0.225610
0.376000 0.223975
0.378000 0.222350
0.380000 0.220734
0.382000 0.219127
0.384000 0.217529
0.386000 0.215938
0.388000 0.214354
0.390000 0.212778
0.392000 0.211208
0.394000 0.209644
0.396000 0.208087
0.398000 0.206535
0.400000 0.204988
0.402000 0.203447
0.404000 0.201911
0.406000 0.200379
0.408000 0.198853
0.410000 0.197331
0.412000 0.195813
0.414000 0.194300
0.416000 0.192792
0.418000 0.191288
0.420000 0.189788
0.422000 0.188294
0.424000 0.186803
0.426000 0.185318
0.428000 0.183837
0.430000 0.182362
0.432000 0.180891
0.434000 0.179426
0.436000 0.177967
0.438000 0.176513
0.440000 0.175066
0.442000 0.173624
0.444000 0.172190
0.446000 0.170762
0.448000 0.169341
0.450000 0.167927
0.452000 0.166522
0.454000 0.165124
0.456000 0.163735
0.458000 0.162355
0.460000 0.160984
0.462000 0.159622
0.464000 0.158270
0.466000 0.156928
0.468000 0.155597
0.470000 0.154277
0.472000 0.152968
0.474000 0.151671
0.476000 0.150386
0.478000 0.149113
0.480000 0.147852
0.482000 0.146605
0.484000 0.145372
0.486000 0.144151
0.488000 0.142945
0.490000 0.141754
0.492000 0.140577
0.494000 0.139415
0.496000 0.138268
0.498000 0.137136
0.500000 0.136021
0.502000 0.134921
0.504000 0.133837
0.506000 0.132770
0.508000 0.131719
0.510000 0.130685
0.512000 0.129668
0.514000 0.128667
0.516000 0.127684
0.518000 0.126718
0.520000 0.125769
0.522000 0.124837
0.524000 0.123923
0.526000 0.123026
0.528000 0.122146
0.530000 0.121283
0.532000 0.120437
0.534000 0.119609
0.536000 0.118797
0.538000 0.118002
0.540000 0.117224
0.542000 0.116462
0.544000 0.115717
0.546000 0.114987
0.548000 0.114274
0.550000 0.113576
0.552000 0.112893
0.554000 0.112225
0.556000 0.111571
0.558000 0.110932
0.560000 0.110307
0.562000 0.109696
0.564000 0.109098
0.566000 0.108512
0.568000 0.107939
0.570000 0.107377
0.572000 0.106828
0.574000 0.106289
0.576000 0.105760
0.578000 0.105242
0.580000 0.104733
0.582000 0.104234
0.584000 0.103742
0.586000 0.103259
0.588000 0.102784
0.590000 0.102315
0.592000 0.101853
0.594000 0.101397
0.596000 0.100946
0.598000 0.100500
0.600000 0.100058
0.602000 0.099620
0.604000 0.099186
0.606000 0.098754
0.608000 0.098324
0.610000 0.097897
0.612000 0.097470
0.614000 0.097045
0.616000 0.096620
0.618000 0.096195
0.620000 0.095769
0.622000 0.095342
0.624000 0.094914
0.626000 0.094485
0.628000 0.094053
0.630000 0.093619
0.632000 0.093182
0.634000 0.092742
0.636000 0.092299
0.638000 0.091852
0.640000 0.091401
0.642000 0.090946
0.644000 0.090487
0.646000 0.090023
0.648000 0.089555
0.650000 0.089083
0.652000 0.088605
0.654000 0.088123
0.656000 0.087636
0.658000 0.087144
0.660000 0.086648
0.662000 0.086146
0.664000 0.085640
0.666000 0.085130
0.668000 0.084615
0.670000 0.084096
0.672000 0.083573
0.674000 0.083046
0.676000 0.082516
0.678000 0.081982
0.680000 0.081446
0.682000 0.080906
0.684000 0.080365
0.686000 0.079821
0.688000 0.079276
0.690000 0.078730
0.692000 0.078183
0.694000 0.077635
0.696000 0.077088
0.698000 0.076541
0.700000 0.075996
0.702000 0.075452
0.704000 0.074910
0.706000 0.074371
0.708000 0.073835
0.710000 0.073303
0.712000 0.072774
0.714000 0.072251
0.716000 0.071733
0.718000 0.071220
0.720000 0.070714
0.722000 0.070214
0.724000 0.069722
0.726000 0.069237
0.728000 0.068760
0.730000 0.068293
0.732000 0.067834
0.734000 0.067385
0.736000 0.066945
0.738000 0.066516
0.740000 0.066098
0.742000 0.065691
0.744000 0.065294
0.746000 0.064910
0.748000 0.064537
0.750000 0.064176
0.752000 0.063827
0.754000 0.063490
0.756000 0.063166
0.758000 0.062854
0.760000 0.062554
0.762000 0.062267
0.764000 0.061992
0.766000 0.061729
0.768000 0.061477
0.770000 0.061238
0.772000 0.061010
0.774000 0.060793
0.776000 0.060588
0.778000 0.060392
0.780000 0.060207
0.782000 0.060031
0.784000 0.059864
0.786000 0.059706
0.788000 0.059555
0.790000 0.059412
0.792000 0.059275
0.794000 0.059145
0.796000 0.059019
0.798000 0.058898
0.800000 0.058780
0.802000 0.058665
0.804000 0.058552
0.806000 0.058440
0.808000 0.058328
0.810000 0.058216
0.812000 0.058102
0.814000 0.057986
0.816000 0.057866
0.818000 0.057742
0.820000 0.057612
0.822000 0.057477
0.824000 0.057335
0.826000 0.057186
0.828000 0.057028
0.830000 0.056861
0.832000 0.056684
0.834000 0.056496
0.836000 0.056298
0.838000 0.056087
0.840000 0.055865
0.842000 0.055630
0.844000 0.055382
0.846000 0.055121
0.848000 0.054846
0.850000 0.054558
0.852000 0.054257
0.854000 0.053942
0.856000 0.053613
0.858000 0.053272
0.860000 0.052919
0.862000 0.052553
0.864000 0.052176
0.866000 0.051788
0.868000 0.051391
0.870000 0.050984
0.872000 0.050570
0.874000 0.050149
0.876000 0.049724
0.878000 0.049294
0.880000 0.048862
0.882000 0.048430
0.884000 0.047999
0.886000 0.047570
0.888000 0.047147
0.890000 0.046731
0.892000 0.046323
0.894000 0.045927
0.896000 0.045544
0.898000 0.045176
0.900000 0.044826
0.902000 0.044496
0.904000 0.044187
0.906000 0.043903
0.908000 0.043645
0.910000 0.043415
0.912000 0.043215
0.914000 0.043046
0.916000 0.042910
0.918000 0.042808
0.920000 0.042741
0.922000 0.042711
0.924000 0.042716
0.926000 0.042757
0.928000 0.042834
0.930000 0.042946
0.932000 0.043091
0.934000 0.043268
0.936000 0.043473
0.938000 0.043703
0.940000 0.043954
0.942000 0.044221
0.944000 0.044499
0.946000 0.044780
0.948000 0.045058
0.950000 0.045322
0.952000 0.045564
0.954000 0.045771
0.956000 0.045932
0.958000 0.046032
0.960000 0.046055
0.962000 0.045986
0.964000 0.045806
0.966000 0.045493
0.968000 0.045026
0.970000 0.044382
0.972000 0.043533
0.974000 0.042452
0.976000 0.041109
0.978000 0.039472
0.980000 0.037505
0.982000 0.035172
0.984000 0.032433
0.986000 0.029245
0.988000 0.025566
0.990000 0.021346
0.992000 0.016537
0.994000 0.011086
0.996000 0.004936
0.998000 -0.001971
