-1.000000 -0.000923
-0.998000 -0.000951
-0.996000 -0.000906
-0.994000 -0.000791
-0.992000 -0.000608
-0.990000 -0.000362
-0.988000 -0.000053
-0.986000 0.000314
-0.984000 0.000738
-0.982000 0.001216
-0.980000 0.001746
-0.978000 0.002325
-0.976000 0.002950
-0.974000 0.003620
-0.972000 0.004333
-0.970000 0.005085
-0.968000 0.005875
-0.966000 0.006702
-0.964000 0.007562
-0.962000 0.008453
-0.960000 0.009375
-0.958000 0.010324
-0.956000 0.011300
-0.954000 0.012300
-0.952000 0.013322
-0.950000 0.014365
-0.948000 0.015428
-0.946000 0.016508
-0.944000 0.017603
-0.942000 0.018713
-0.940000 0.019836
-0.938000 0.020971
-0.936000 0.022115
-0.934000 0.023268
-0.932000 0.024429
-0.930000 0.025595
-0.928000 0.026766
-0.926000 0.027941
-0.924000 0.029118
-0.922000 0.030296
-0.920000 0.031474
-0.918000 0.032651
-0.916000 0.033826
-0.914000 0.034998
-0.912000 0.036166
-0.910000 0.037329
-0.908000 0.038486
-0.906000 0.039637
-0.904000 0.040780
-0.902000 0.041914
-0.900000 0.043040
-0.898000 0.044155
-0.896000 0.045260
-0.894000 0.046354
-0.892000 0.047435
-0.890000 0.048504
-0.888000 0.049560
-0.886000 0.050602
-0.884000 0.051630
-0.882000 0.052642
-0.880000 0.053640
-0.878000 0.054622
-0.876000 0.055587
-0.874000 0.056536
-0.872000 0.057468
-0.870000 0.058382
-0.868000 0.059279
-0.866000 0.060157
-0.864000 0.061017
-0.862000 0.061859
-0.860000 0.062681
-0.858000 0.063484
-0.856000 0.064268
-0.854000 0.065033
-0.852000 0.065777
-0.850000 0.066502
-0.848000 0.067206
-0.846000 0.067891
-0.844000 0.068555
-0.842000 0.069199
-0.840000 0.069823
-0.838000 0.070426
-0.836000 0.071009
-0.834000 0.071571
-0.832000 0.072112
-0.830000 0.072634
-0.828000 0.073135
-0.826000 0.073615
-0.824000 0.074076
-0.822000 0.074516
-0.820000 0.074936
-0.818000 0.075336
-0.816000 0.075716
-0.814000 0.076076
-0.812000 0.076417
-0.810000 0.076739
-0.808000 0.077041
-0.806000 0.077324
-0.804000 0.077588
-0.802000 0.077834
-0.800000 0.078061
-0.798000 0.078270
-0.796000 0.078462
-0.794000 0.078635
-0.792000 0.078791
-0.790000 0.078930
-0.788000 0.079052
-0.786000 0.079158
-0.784000 0.079247
-0.782000 0.079320
-0.780000 0.079377
-0.778000 0.079420
-0.776000 0.079447
-0.774000 0.079459
-0.772000 0.079458
-0.770000 0.079442
-0.768000 0.079413
-0.766000 0.079370
-0.764000 0.079315
-0.762000 0.079247
-0.760000 0.079166
-0.758000 0.079075
-0.756000 0.078972
-0.754000 0.078857
-0.752000 0.078733
-0.750000 0.078598
-0.748000 0.078454
-0.746000 0.078300
-0.744000 0.078137
-0.742000 0.077966
-0.740000 0.077787
-0.738000 0.077600
-0.736000 0.077406
-0.734000 0.077206
-0.732000 0.076999
-0.730000 0.076786
-0.728000 0.076568
-0.726000 0.076344
-0.724000 0.076117
-0.722000 0.075885
-0.720000 0.075649
-0.718000 0.075411
-0.716000 0.075169
-0.714000 0.074925
-0.712000 0.074680
-0.710000 0.074433
-0.708000 0.074185
-0.706000 0.073937
-0.704000 0.073688
-0.702000 0.073440
-0.700000 0.073193
-0.698000 0.072947
-0.696000 0.072703
-0.694000 0.072462
-0.692000 0.072223
-0.690000 0.071987
-0.688000 0.071754
-0.686000 0.071526
-0.684000 0.071302
-0.682000 0.071083
-0.680000 0.070869
-0.678000 0.070661
-0.676000 0.070460
-0.674000 0.070265
-0.672000 0.070077
-0.670000 0.069897
-0.668000 0.069724
-0.666000 0.069560
-0.664000 0.069405
-0.662000 0.069259
-0.660000 0.069123
-0.658000 0.068996
-0.656000 0.068881
-0.654000 0.068776
-0.652000 0.068682
-0.650000 0.068600
-0.648000 0.068530
-0.646000 0.068472
-0.644000 0.068428
-0.642000 0.068396
-0.640000 0.068379
-0.638000 0.068375
-0.636000 0.068386
-0.634000 0.068411
-0.632000 0.068452
-0.630000 0.068508
-0.628000 0.068579
-0.626000 0.068667
-0.624000 0.068772
-0.622000 0.068894
-0.620000 0.069032
-0.618000 0.069188
-0.616000 0.069363
-0.614000 0.069555
-0.612000 0.069766
-0.610000 0.069995
-0.608000 0.070244
-0.606000 0.070513
-0.604000 0.070801
-0.602000 0.071109
-0.600000 0.071437
-0.598000 0.071786
-0.596000 0.072156
-0.594000 0.072547
-0.592000 0.072960
-0.590000 0.073394
-0.588000 0.073851
-0.586000 0.074329
-0.584000 0.074830
-0.582000 0.075354
-0.580000 0.075900
-0.578000 0.076470
-0.576000 0.077063
-0.574000 0.077680
-0.572000 0.078320
-0.570000 0.078985
-0.568000 0.079674
-0.566000 0.080387
-0.564000 0.081124
-0.562000 0.081887
-0.560000 0.082674
-0.558000 0.083487
-0.556000 0.084325
-0.554000 0.085188
-0.552000 0.086077
-0.550000 0.086992
-0.548000 0.087933
-0.546000 0.088899
-0.544000 0.089892
-0.542000 0.090911
-0.540000 0.091956
-0.538000 0.093028
-0.536000 0.094127
-0.534000 0.095252
-0.532000 0.096404
-0.530000 0.097582
-0.528000 0.098788
-0.526000 0.100021
-0.524000 0.101281
-0.522000 0.102568
-0.520000 0.103882
-0.518000 0.105224
-0.516000 0.106592
-0.514000 0.107988
-0.512000 0.109412
-0.510000 0.110863
-0.508000 0.112341
-0.506000 0.113847
-0.504000 0.115380
-0.502000 0.116940
-0.500000 0.118528
-0.498000 0.120144
-0.496000 0.121786
-0.494000 0.123456
-0.492000 0.125154
-0.490000 0.126879
-0.488000 0.128631
-0.486000 0.130410
-0.484000 0.132216
-0.482000 0.134050
-0.480000 0.135910
-0.478000 0.137798
-0.476000 0.139712
-0.474000 0.141654
-0.472000 0.143622
-0.470000 0.145616
-0.468000 0.147638
-0.466000 0.149685
-0.464000 0.151759
-0.462000 0.153859
-0.460000 0.155986
-0.458000 0.158138
-0.456000 0.160316
-0.454000 0.162520
-0.452000 0.164750
-0.450000 0.167004
-0.448000 0.169285
-0.446000 0.171590
-0.444000 0.173920
-0.442000 0.176275
-0.440000 0.178655
-0.438000 0.181059
-0.436000 0.183487
-0.434000 0.185940
-0.432000 0.188416
-0.430000 0.190916
-0.428000 0.193440
-0.426000 0.195987
-0.424000 0.198557
-0.422000 0.201149
-0.420000 0.203765
-0.418000 0.206403
-0.416000 0.209063
-0.414000 0.211745
-0.412000 0.214449
-0.410000 0.217174
-0.408000 0.219920
-0.406000 0.222688
-0.404000 0.225476
-0.402000 0.228285
-0.400000 0.231114
-0.398000 0.233962
-0.396000 0.236831
-0.394000 0.239719
-0.392000 0.242626
-0.390000 0.245552
-0.388000 0.248496
-0.386000 0.251459
-0.384000 0.254440
-0.382000 0.257438
-0.380000 0.260454
-0.378000 0.263487
-0.376000 0.266536
-0.374000 0.269602
-0.372000 0.272685
-0.370000 0.275783
-0.368000 0.278896
-0.366000 0.282025
-0.364000 0.285168
-0.362000 0.288327
-0.360000 0.291499
-0.358000 0.294685
-0.356000 0.297885
-0.354000 0.301098
-0.352000 0.304323
-0.350000 0.307562
-0.348000 0.310812
-0.346000 0.314074
-0.344000 0.317348
-0.342000 0.320632
-0.340000 0.323928
-0.338000 0.327233
-0.336000 0.330549
-0.334000 0.333874
-0.332000 0.337209
-0.330000 0.340552
-0.328000 0.343904
-0.326000 0.347264
-0.324000 0.350632
-0.322000 0.354008
-0.320000 0.357390
-0.318000 0.360779
-0.316000 0.364174
-0.314000 0.367575
-0.312000 0.370982
-0.310000 0.374393
-0.308000 0.377810
-0.306000 0.381230
-0.304000 0.384655
-0.302000 0.388083
-0.300000 0.391514
-0.298000 0.394948
-0.296000 0.398384
-0.294000 0.401822
-0.292000 0.405262
-0.290000 0.408703
-0.288000 0.412145
-0.286000 0.415587
-0.284000 0.419029
-0.282000 0.422470
-0.280000 0.425911
-0.278000 0.429350
-0.276000 0.432788
-0.274000 0.436224
-0.272000 0.439657
-0.270000 0.443087
-0.268000 0.446514
-0.266000 0.449938
-0.264000 0.453357
-0.262000 0.456772
-0.260000 0.460182
-0.258000 0.463586
-0.256000 0.466985
-0.254000 0.470378
-0.252000 0.473764
-0.250000 0.477144
-0.248000 0.480516
-0.246000 0.483880
-0.244000 0.487237
-0.242000 0.490584
-0.240000 0.493923
-0.238000 0.497253
-0.236000 0.500573
-0.234000 0.503883
-0.232000 0.507182
-0.230000 0.510470
-0.228000 0.513747
-0.226000 0.517013
-0.224000 0.520266
-0.222000 0.523507
-0.220000 0.526735
-0.218000 0.529950
-0.216000 0.533151
-0.214000 0.536338
-0.212000 0.539511
-0.210000 0.542668
-0.208000 0.545811
-0.206000 0.548938
-0.204000 0.552050
-0.202000 0.555145
-0.200000 0.558223
-0.198000 0.561284
-0.196000 0.564328
-0.194000 0.567354
-0.192000 0.570362
-0.190000 0.573351
-0.188000 0.576322
-0.186000 0.579273
-0.184000 0.582205
-0.182000 0.585116
-0.180000 0.588008
-0.178000 0.590878
-0.176000 0.593728
-0.174000 0.596556
-0.172000 0.599363
-0.170000 0.602148
-0.168000 0.604910
-0.166000 0.607649
-0.164000 0.610366
-0.162000 0.613059
-0.160000 0.615728
-0.158000 0.618373
-0.156000 0.620994
-0.154000 0.623590
-0.152000 0.626162
-0.150000 0.628707
-0.148000 0.631228
-0.146000 0.633722
-0.144000 0.636190
-0.142000 0.638632
-0.140000 0.641046
-0.138000 0.643434
-0.136000 0.645794
-0.134000 0.648127
-0.132000 0.650431
-0.130000 0.652707
-0.128000 0.654955
-0.126000 0.657173
-0.124000 0.659363
-0.122000 0.661523
-0.120000 0.663654
-0.118000 0.665755
-0.116000 0.667825
-0.114000 0.669865
-0.112000 0.671875
-0.110000 0.673853
-0.108000 0.675801
-0.106000 0.677717
-0.104000 0.679601
-0.102000 0.681454
-0.100000 0.683274
-0.098000 0.685062
-0.096000 0.686818
-0.094000 0.688541
-0.092000 0.690230
-0.090000 0.691887
-0.088000 0.693510
-0.086000 0.695100
-0.084000 0.696656
-0.082000 0.698178
-0.080000 0.699666
-0.078000 0.701120
-0.076000 0.702539
-0.074000 0.703923
-0.072000 0.705273
-0.070000 0.706587
-0.068000 0.707867
-0.066000 0.709111
-0.064000 0.710319
-0.062000 0.711492
-0.060000 0.712629
-0.058000 0.713731
-0.056000 0.714796
-0.054000 0.715825
-0.052000 0.716817
-0.050000 0.717774
-0.048000 0.718693
-0.046000 0.719576
-0.044000 0.720422
-0.042000 0.721232
-0.040000 0.722004
-0.038000 0.722740
-0.036000 0.723438
-0.034000 0.724099
-0.032000 0.724722
-0.030000 0.725308
-0.028000 0.725857
-0.026000 0.726368
-0.024000 0.726842
-0.022000 0.727278
-0.020000 0.727676
-0.018000 0.728036
-0.016000 0.728359
-0.014000 0.728643
-0.012000 0.728890
-0.010000 0.729099
-0.008000 0.729270
-0.006000 0.729403
-0.004000 0.729498
-0.002000 0.729555
0.000000 0.729574
0.002000 0.729555
0.004000 0.729498
0.006000 0.729403
0.008000 0.729270
0.010000 0.729099
0.012000 0.728890
0.014000 0.728643
0.016000 0.728359
0.018000 0.728036
0.020000 0.727676
0.022000 0.727278
0.024000 0.726842
0.026000 0.726368
0.028000 0.725857
0.030000 0.725308
0.032000 0.724722
0.034000 0.724099
0.036000 0.723438
0.038000 0.722740
0.040000 0.722004
0.042000 0.721232
0.044000 0.720422
0.046000 0.719576
0.048000 0.718693
0.050000 0.717774
0.052000 0.716817
0.054000 0.715825
0.056000 0.714796
0.058000 0.713731
0.060000 0.712629
0.062000 0.711492
0.064000 0.710319
0.066000 0.709111
0.068000 0.707867
0.070000 0.706587
0.072000 0.705273
0.074000 0.703923
0.076000 0.702539
0.078000 0.701120
0.080000 0.699666
0.082000 0.698178
0.084000 0.696656
0.086000 0.695100
0.088000 0.693510
0.090000 0.691887
0.092000 0.690230
0.094000 0.688541
0.096000 0.686818
0.098000 0.685062
0.100000 0.683274
0.102000 0.681454
0.104000 0.679601
0.106000 0.677717
0.108000 0.675801
0.110000 0.673853
0.112000 0.671875
0.114000 0.669865
0.116000 0.667825
0.118000 0.665755
0.120000 0.663654
0.122000 0.661523
0.124000 0.659363
0.126000 0.657173
0.128000 0.654955
0.130000 0.652707
0.132000 0.650431
0.134000 0.648127
0.136000 0.645794
0.138000 0.643434
0.140000 0.641046
0.142000 0.638632
0.144000 0.636190
0.146000 0.633722
0.148000 0.631228
0.150000 0.628707
0.152000 0.626162
0.154000 0.623590
0.156000 0.620994
0.158000 0.618373
0.160000 0.615728
0.162000 0.613059
0.164000 0.610366
0.166000 0.607649
0.168000 0.604910
0.170000 0.602148
0.172000 0.599363
0.174000 0.596556
0.176000 0.593728
0.178000 0.590878
0.180000 0.588008
0.182000 0.585116
0.184000 0.582205
0.186000 0.579273
0.188000 0.576322
0.190000 0.573351
0.192000 0.570362
0.194000 0.567354
0.196000 0.564328
0.198000 0.561284
0.200000 0.558223
0.202000 0.555145
0.204000 0.552050
0.206000 0.548938
0.208000 0.545811
0.210000 0.542668
0.212000 0.539511
0.214000 0.536338
0.216000 0.533151
0.218000 0.529950
0.220000 0.526735
0.222000 0.523507
0.224000 0.520266
0.226000 0.517013
0.228000 0.513747
0.230000 0.510470
0.232000 0.507182
0.234000 0.503883
0.236000 0.500573
0.238000 0.497253
0.240000 0.493923
0.242000 0.490584
0.244000 0.487237
0.246000 0.483880
0.248000 0.480516
0.250000 0.477144
0.252000 0.473764
0.254000 0.470378
0.256000 0.466985
0.258000 0.463586
0.260000 0.460182
0.262000 0.456772
0.264000 0.453357
0.266000 0.449938
0.268000 0.446514
0.270000 0.443087
0.272000 0.439657
0.274000 0.436224
0.276000 0.432788
0.278000 0.429350
0.280000 0.425911
0.282000 0.422470
0.284000 0.419029
0.286000 0.415587
0.288000 0.412145
0.290000 0.408703
0.292000 0.405262
0.294000 0.401822
0.296000 0.398384
0.298000 0.394948
0.300000 0.391514
0.302000 0.388083
0.304000 0.384655
0.306000 0.381230
0.308000 0.377810
0.310000 0.374393
0.312000 0.370982
0.314000 0.367575
0.316000 0.364174
0.318000 0.360779
0.320000 0.357390
0.322000 0.354008
0.324000 0.350632
0.326000 0.347264
0.328000 0.343904
0.330000 0.340552
0.332000 0.337209
0.334000 0.333874
0.336000 0.330549
0.338000 0.327233
0.340000 0.323928
0.342000 0.320632
0.344000 0.317348
0.346000 0.314074
0.348000 0.310812
0.350000 0.307562
0.352000 0.304323
0.354000 0.301098
0.356000 0.297885
0.358000 0.294685
0.360000 0.291499
0.362000 0.288327
0.364000 0.285168
0.366000 0.282025
0.368000 0.278896
0.370000 0.275783
0.372000 0.272685
0.374000 0.269602
0.376000 0.266536
0.378000 0.263487
0.380000 0.260454
0.382000 0.257438
0.384000 0.254440
0.386000 0.251459
0.388000 0.248496
0.390000 0.245552
0.392000 0.242626
0.394000 0.239719
0.396000 0.236831
0.398000 0.233962
0.400000 0.231114
0.402000 0.228285
0.404000 0.225476
0.406000 0.222688
0.408000 0.219920
0.410000 0.217174
0.412000 0.214449
0.414000 0.211745
0.416000 0.209063
0.418000 0.206403
0.420000 0.203765
0.422000 0.201149
0.424000 0.198557
0.426000 0.195987
0.428000 0.193440
0.430000 0.190916
0.432000 0.188416
0.434000 0.185940
0.436000 0.183487
0.438000 0.181059
0.440000 0.178655
0.442000 0.176275
0.444000 0.173920
0.446000 0.171590
0.448000 0.169285
0.450000 0.167004
0.452000 0.164750
0.454000 0.162520
0.456000 0.160316
0.458000 0.158138
0.460000 0.155986
0.462000 0.153859
0.464000 0.151759
0.466000 0.149685
0.468000 0.147638
0.470000 0.145616
0.472000 0.143622
0.474000 0.141654
0.476000 0.139712
0.478000 0.137798
0.480000 0.135910
0.482000 0.134050
0.484000 0.132216
0.486000 0.130410
0.488000 0.128631
0.490000 0.126879
0.492000 0.125154
0.494000 0.123456
0.496000 0.121786
0.498000 0.120144
0.500000 0.118528
0.502000 0.116940
0.504000 0.115380
0.506000 0.113847
0.508000 0.112341
0.510000 0.110863
0.512000 0.109412
0.514000 0.107988
0.516000 0.106592
0.518000 0.105224
0.520000 0.103882
0.522000 0.102568
0.524000 0.101281
0.526000 0.100021
0.528000 0.098788
0.530000 0.097582
0.532000 0.096404
0.534000 0.095252
0.536000 0.094127
0.538000 0.093028
0.540000 0.091956
0.542000 0.090911
0.544000 0.089892
0.546000 0.088899
0.548000 0.087933
0.550000 0.086992
0.552000 0.086077
0.554000 0.085188
0.556000 0.084325
0.558000 0.083487
0.560000 0.082674
0.562000 0.081887
0.564000 0.081124
0.566000 0.080387
0.568000 0.079674
0.570000 0.078985
0.572000 0.078320
0.574000 0.077680
0.576000 0.077063
0.578000 0.076470
0.580000 0.075900
0.582000 0.075354
0.584000 0.074830
0.586000 0.074329
0.588000 0.073851
0.590000 0.073394
0.592000 0.072960
0.594000 0.072547
0.596000 0.072156
0.598000 0.071786
0.600000 0.071437
0.602000 0.071109
0.604000 0.070801
0.606000 0.070513
0.608000 0.070244
0.610000 0.069995
0.612000 0.069766
0.614000 0.069555
0.616000 0.069363
0.618000 0.069188
0.620000 0.069032
0.622000 0.068894
0.624000 0.068772
0.626000 0.068667
0.628000 0.068579
0.630000 0.068508
0.632000 0.068452
0.634000 0.068411
0.636000 0.068386
0.638000 0.068375
0.640000 0.068379
0.642000 0.068396
0.644000 0.068428
0.646000 0.068472
0.648000 0.068530
0.650000 0.068600
0.652000 0.068682
0.654000 0.068776
0.656000 0.068881
0.658000 0.068996
0.660000 0.069123
0.662000 0.069259
0.664000 0.069405
0.666000 0.069560
0.668000 0.069724
0.670000 0.069897
0.672000 0.070077
0.674000 0.070265
0.676000 0.070460
0.678000 0.070661
0.680000 0.070869
0.682000 0.071083
0.684000 0.071302
0.686000 0.071526
0.688000 0.071754
0.690000 0.071987
0.692000 0.072223
0.694000 0.072462
0.696000 0.072703
0.698000 0.072947
0.700000 0.073193
0.702000 0.073440
0.704000 0.073688
0.706000 0.073937
0.708000 0.074185
0.710000 0.074433
0.712000 0.074680
0.714000 0.074925
0.716000 0.075169
0.718000 0.075411
0.720000 0.075649
0.722000 0.075885
0.724000 0.076117
0.726000 0.076344
0.728000 0.076568
0.730000 0.076786
0.732000 0.076999
0.734000 0.077206
0.736000 0.077406
0.738000 0.077600
0.740000 0.077787
0.742000 0.077966
0.744000 0.078137
0.746000 0.078300
0.748000 0.078454
0.750000 0.078598
0.752000 0.078733
0.754000 0.078857
0.756000 0.078972
0.758000 0.079075
0.760000 0.079166
0.762000 0.079247
0.764000 0.079315
0.766000 0.079370
0.768000 0.079413
0.770000 0.079442
0.772000 0.079458
0.774000 0.079459
0.776000 0.079447
0.778000 0.079420
0.780000 0.079377
0.782000 0.079320
0.784000 0.079247
0.786000 0.079158
0.788000 0.079052
0.790000 0.078930
0.792000 0.078791
0.794000 0.078635
0.796000 0.078462
0.798000 0.078270
0.800000 0.078061
0.802000 0.077834
0.804000 0.077588
0.806000 0.077324
0.808000 0.077041
0.810000 0.076739
0.812000 0.076417
0.814000 0.076076
0.816000 0.075716
0.818000 0.075336
0.820000 0.074936
0.822000 0.074516
0.824000 0.074076
0.826000 0.073615
0.828000 0.073135
0.830000 0.072634
0.832000 0.072112
0.834000 0.071571
0.836000 0.071009
0.838000 0.070426
0.840000 0.069823
0.842000 0.069199
0.844000 0.068555
0.846000 0.067891
0.848000 0.067206
0.850000 0.066502
0.852000 0.065777
0.854000 0.065033
0.856000 0.064268
0.858000 0.063484
0.860000 0.062681
0.862000 0.061859
0.864000 0.061017
0.866000 0.060157
0.868000 0.059279
0.870000 0.058382
0.872000 0.057468
0.874000 0.056536
0.876000 0.055587
0.878000 0.054622
0.880000 0.053640
0.882000 0.052642
0.884000 0.051630
0.886000 0.050602
0.888000 0.049560
0.890000 0.048504
0.892000 0.047435
0.894000 0.046354
0.896000 0.045260
0.898000 0.044155
0.900000 0.043040
0.902000 0.041914
0.904000 0.040780
0.906000 0.039637
0.908000 0.038486
0.910000 0.037329
0.912000 0.036166
0.914000 0.034998
0.916000 0.033826
0.918000 0.032651
0.920000 0.031474
0.922000 0.030296
0.924000 0.029118
0.926000 0.027941
0.928000 0.026766
0.930000 0.025595
0.932000 0.024429
0.934000 0.023268
0.936000 0.022115
0.938000 0.020971
0.940000 0.019836
0.942000 0.018713
0.944000 0.017603
0.946000 0.016508
0.948000 0.015428
0.950000 0.014365
0.952000 0.013322
0.954000 0.012300
0.956000 0.011300
0.958000 0.010324
0.960000 0.009375
0.962000 0.008453
0.964000 0.007562
0.966000 0.006702
0.968000 0.005875
0.970000 0.005085
0.972000 0.004333
0.974000 0.003620
0.976000 0.002950
0.978000 0.002325
0.980000 0.001746
0.982000 0.001216
0.984000 0.000738
0.986000 0.000314
0.988000 -0.000053
0.990000 -0.000362
0.992000 -0.000608
0.994000 -0.000791
0.996000 -0.000906
0.998000 -0.000951
